frame,abb_xmin,abb_ymin,abb_xmax,abb_ymax,bbb_xmin,bbb_ymin,bbb_xmax,bbb_ymax,a_nose_x,a_nose_y,a_nose_confidence,a_left_eye_x,a_left_eye_y,a_left_eye_confidence,a_right_eye_x,a_right_eye_y,a_right_eye_confidence,a_left_ear_x,a_left_ear_y,a_left_ear_confidence,a_right_ear_x,a_right_ear_y,a_right_ear_confidence,a_left_shoulder_x,a_left_shoulder_y,a_left_shoulder_confidence,a_right_shoulder_x,a_right_shoulder_y,a_right_shoulder_confidence,a_left_elbow_x,a_left_elbow_y,a_left_elbow_confidence,a_right_elbow_x,a_right_elbow_y,a_right_elbow_confidence,a_left_wrist_x,a_left_wrist_y,a_left_wrist_confidence,a_right_wrist_x,a_right_wrist_y,a_right_wrist_confidence,a_left_hip_x,a_left_hip_y,a_left_hip_confidence,a_right_hip_x,a_right_hip_y,a_right_hip_confidence,a_left_knee_x,a_left_knee_y,a_left_knee_confidence,a_right_knee_x,a_right_knee_y,a_right_knee_confidence,a_left_ankle_x,a_left_ankle_y,a_left_ankle_confidence,a_right_ankle_x,a_right_ankle_y,a_right_ankle_confidence,b_nose_x,b_nose_y,b_nose_confidence,b_left_eye_x,b_left_eye_y,b_left_eye_confidence,b_right_eye_x,b_right_eye_y,b_right_eye_confidence,b_left_ear_x,b_left_ear_y,b_left_ear_confidence,b_right_ear_x,b_right_ear_y,b_right_ear_confidence,b_left_shoulder_x,b_left_shoulder_y,b_left_shoulder_confidence,b_right_shoulder_x,b_right_shoulder_y,b_right_shoulder_confidence,b_left_elbow_x,b_left_elbow_y,b_left_elbow_confidence,b_right_elbow_x,b_right_elbow_y,b_right_elbow_confidence,b_left_wrist_x,b_left_wrist_y,b_left_wrist_confidence,b_right_wrist_x,b_right_wrist_y,b_right_wrist_confidence,b_left_hip_x,b_left_hip_y,b_left_hip_confidence,b_right_hip_x,b_right_hip_y,b_right_hip_confidence,b_left_knee_x,b_left_knee_y,b_left_knee_confidence,b_right_knee_x,b_right_knee_y,b_right_knee_confidence,b_left_ankle_x,b_left_ankle_y,b_left_ankle_confidence,b_right_ankle_x,b_right_ankle_y,b_right_ankle_confidence
0,631,317,684,411,419,364,536,532,64.0,30.0,0.455958753824234,67.0,22.0,0.49648070335388184,56.0,24.0,0.4479658901691437,91.0,22.0,0.4037531316280365,54.0,32.0,0.28527507185935974,123.0,49.0,0.3996942341327667,59.0,61.0,0.5023406744003296,110.0,82.0,0.19745755195617676,55.0,86.0,0.3239303231239319,78.0,78.0,0.07914312183856964,22.0,100.0,0.2743736803531647,151.0,120.0,0.3056834042072296,99.0,127.0,0.30711784958839417,141.0,174.0,0.33843672275543213,90.0,172.0,0.2192138433456421,129.0,221.0,0.4394145607948303,104.0,212.0,0.2725721299648285,84.0,24.0,0.23600344359874725,40.0,24.0,0.14371173083782196,83.0,23.0,0.36231565475463867,45.0,23.0,0.5918175578117371,78.0,24.0,0.7217678427696228,27.0,54.0,0.6652064919471741,91.0,49.0,0.6807633638381958,17.0,89.0,0.6186795234680176,126.0,80.0,0.7913206815719604,40.0,80.0,0.16298417747020721,166.0,76.0,0.7000354528427124,39.0,125.0,0.5480424165725708,80.0,125.0,0.5262746810913086,51.0,174.0,0.6672370433807373,99.0,176.0,0.6698699593544006,64.0,219.0,0.5841615200042725,72.0,223.0,0.6381985545158386
1,640,317,685,410,418,364,536,532,37.0,30.0,0.4191216826438904,43.0,18.0,0.4450642466545105,30.0,20.0,0.3791317045688629,72.0,22.0,0.4007004201412201,24.0,29.0,0.22606319189071655,107.0,49.0,0.33370378613471985,34.0,62.0,0.35884889960289,151.0,42.0,0.10368068516254425,15.0,66.0,0.15863993763923645,90.0,74.0,0.06766088306903839,74.0,76.0,0.13421118259429932,138.0,120.0,0.22759050130844116,75.0,127.0,0.1849716603755951,127.0,174.0,0.22075563669204712,73.0,168.0,0.09234755486249924,117.0,217.0,0.4009983241558075,80.0,204.0,0.17467278242111206,84.0,28.0,0.2534302771091461,40.0,24.0,0.1562757045030594,83.0,23.0,0.37825310230255127,46.0,24.0,0.5975086688995361,78.0,24.0,0.7223731875419617,28.0,54.0,0.6723935008049011,91.0,51.0,0.6853453516960144,16.0,88.0,0.6248580813407898,126.0,80.0,0.7763757109642029,43.0,81.0,0.1713251769542694,165.0,77.0,0.7167416214942932,41.0,127.0,0.5523287653923035,83.0,127.0,0.526107907295227,52.0,174.0,0.6713775992393494,102.0,176.0,0.6831285953521729,65.0,217.0,0.6109721064567566,77.0,221.0,0.6482429504394531
2,639,317,686,409,418,364,535,531,43.0,30.0,0.4315963089466095,47.0,18.0,0.4753014147281647,34.0,20.0,0.41782787442207336,70.0,20.0,0.4568052589893341,28.0,29.0,0.22827492654323578,110.0,42.0,0.35607919096946716,45.0,59.0,0.4014458954334259,156.0,38.0,0.20782098174095154,13.0,63.0,0.3603515326976776,71.0,71.0,0.09932815283536911,21.0,62.0,0.16216440498828888,130.0,124.0,0.2653355896472931,72.0,129.0,0.25031569600105286,121.0,177.0,0.3251674175262451,73.0,174.0,0.1950220763683319,114.0,221.0,0.4698546826839447,80.0,212.0,0.28738269209861755,84.0,28.0,0.27129027247428894,40.0,24.0,0.16962693631649017,83.0,23.0,0.3649381995201111,46.0,24.0,0.6016139984130859,79.0,25.0,0.717745304107666,28.0,54.0,0.6647266745567322,91.0,51.0,0.680802047252655,16.0,88.0,0.6414414644241333,128.0,83.0,0.7800743579864502,44.0,84.0,0.17882418632507324,168.0,78.0,0.7044448852539062,41.0,128.0,0.5458981394767761,83.0,128.0,0.531610906124115,52.0,176.0,0.655707061290741,105.0,177.0,0.6913745999336243,67.0,220.0,0.5979815721511841,79.0,221.0,0.6709610819816589
3,639,317,687,410,417,364,535,531,45.0,30.0,0.35202738642692566,49.0,18.0,0.4268553853034973,36.0,20.0,0.38228487968444824,72.0,21.0,0.40082859992980957,32.0,30.0,0.2376178652048111,109.0,44.0,0.3950086534023285,42.0,58.0,0.31117674708366394,156.0,38.0,0.27104082703590393,15.0,61.0,0.3086179792881012,191.0,38.0,0.18509541451931,14.0,61.0,0.10540109872817993,125.0,120.0,0.2831493616104126,71.0,127.0,0.23976248502731323,117.0,174.0,0.3230131268501282,69.0,172.0,0.1744925081729889,112.0,220.0,0.44366320967674255,76.0,212.0,0.2327953726053238,84.0,28.0,0.37909507751464844,83.0,22.0,0.18830987811088562,83.0,27.0,0.4628868103027344,47.0,25.0,0.5934016108512878,79.0,25.0,0.7328552007675171,28.0,54.0,0.6633344292640686,95.0,53.0,0.6885226964950562,15.0,91.0,0.6846243739128113,131.0,84.0,0.7853804230690002,44.0,84.0,0.20961414277553558,167.0,79.0,0.7032288908958435,41.0,131.0,0.5453758835792542,84.0,129.0,0.5262428522109985,55.0,177.0,0.6677781343460083,108.0,178.0,0.7068213820457458,67.0,220.0,0.6273151636123657,83.0,220.0,0.6786154508590698
4,639,317,689,409,417,365,535,532,41.0,30.0,0.40275004506111145,47.0,20.0,0.42249029874801636,32.0,24.0,0.3593664765357971,72.0,21.0,0.48882147669792175,28.0,32.0,0.18759757280349731,107.0,45.0,0.4570731520652771,41.0,61.0,0.379727303981781,155.0,41.0,0.35352957248687744,13.0,57.0,0.3854648172855377,191.0,40.0,0.3022892475128174,44.0,50.0,0.11068902164697647,119.0,124.0,0.33365559577941895,68.0,129.0,0.2896120548248291,113.0,178.0,0.35741180181503296,65.0,176.0,0.1973390430212021,108.0,222.0,0.4696209132671356,74.0,215.0,0.26569607853889465,84.0,28.0,0.28853490948677063,37.0,21.0,0.17113472521305084,83.0,23.0,0.39080682396888733,47.0,25.0,0.5658125877380371,79.0,25.0,0.7340066432952881,28.0,54.0,0.6639296412467957,95.0,53.0,0.6794968247413635,14.0,88.0,0.6891032457351685,130.0,84.0,0.7828767895698547,44.0,84.0,0.2507462203502655,167.0,79.0,0.6922464370727539,43.0,129.0,0.5374606847763062,85.0,129.0,0.5289535522460938,55.0,173.0,0.6672614216804504,109.0,177.0,0.6925384998321533,65.0,217.0,0.6710538268089294,85.0,221.0,0.7135564088821411
5,639,316,689,409,416,366,534,531,41.0,32.0,0.32608726620674133,45.0,24.0,0.3816685676574707,32.0,28.0,0.32693400979042053,74.0,24.0,0.3947475850582123,80.0,25.0,0.19809049367904663,109.0,48.0,0.48324933648109436,41.0,61.0,0.34722310304641724,155.0,45.0,0.3041383922100067,12.0,57.0,0.33286252617836,191.0,44.0,0.2332545518875122,80.0,31.0,0.2037632018327713,118.0,126.0,0.34268948435783386,67.0,131.0,0.28048351407051086,111.0,180.0,0.39861541986465454,63.0,176.0,0.21896739304065704,108.0,224.0,0.47066622972488403,71.0,215.0,0.3010125756263733,87.0,24.0,0.2250373214483261,41.0,21.0,0.1920257806777954,85.0,23.0,0.3441937565803528,47.0,25.0,0.5533016920089722,81.0,25.0,0.713586688041687,31.0,56.0,0.6584226489067078,95.0,55.0,0.6807605624198914,15.0,87.0,0.70474773645401,132.0,87.0,0.7746554613113403,42.0,84.0,0.22179605066776276,169.0,80.0,0.6980457901954651,45.0,131.0,0.5432361364364624,88.0,132.0,0.5420565605163574,58.0,176.0,0.6712543368339539,114.0,180.0,0.7205731868743896,65.0,217.0,0.7151544094085693,91.0,221.0,0.7149083018302917
6,640,315,691,411,416,368,534,533,33.0,32.0,0.3077588677406311,39.0,26.0,0.35449090600013733,28.0,28.0,0.33624786138534546,62.0,24.0,0.41351354122161865,72.0,29.0,0.18855032324790955,101.0,48.0,0.4797413945198059,34.0,61.0,0.30321767926216125,147.0,49.0,0.27579495310783386,2.0,55.0,0.20085014402866364,178.0,46.0,0.22615082561969757,96.0,22.0,0.20491930842399597,111.0,124.0,0.32771044969558716,57.0,128.0,0.2363019734621048,107.0,176.0,0.34524106979370117,55.0,175.0,0.17289267480373383,100.0,222.0,0.4105984568595886,64.0,212.0,0.25749725103378296,85.0,23.0,0.3242263197898865,66.0,215.0,0.16660907864570618,85.0,20.0,0.38034793734550476,45.0,23.0,0.5637975335121155,81.0,25.0,0.7007021307945251,28.0,54.0,0.6804399490356445,96.0,56.0,0.6577376127243042,11.0,85.0,0.7155779004096985,132.0,87.0,0.8264020085334778,38.0,88.0,0.3680618107318878,168.0,80.0,0.7127699851989746,47.0,131.0,0.5475171208381653,88.0,130.0,0.5430090427398682,59.0,170.0,0.6964156627655029,119.0,179.0,0.7241215705871582,65.0,212.0,0.7453474998474121,95.0,219.0,0.7395281791687012
7,640,315,689,412,415,370,536,534,37.0,44.0,0.33254387974739075,41.0,34.0,0.3693479895591736,31.0,36.0,0.3926028311252594,66.0,24.0,0.4254717230796814,62.0,26.0,0.17238035798072815,107.0,49.0,0.4705727994441986,38.0,62.0,0.269818514585495,156.0,50.0,0.26622891426086426,2.0,55.0,0.21606837213039398,191.0,48.0,0.27562716603279114,104.0,22.0,0.18419449031352997,113.0,124.0,0.2894677519798279,60.0,127.0,0.22713953256607056,109.0,176.0,0.2901700735092163,57.0,170.0,0.11971747130155563,104.0,220.0,0.4297609031200409,68.0,208.0,0.2724207639694214,85.0,23.0,0.2632870674133301,41.0,25.0,0.16571033000946045,81.0,20.0,0.3305216133594513,45.0,25.0,0.592849850654602,78.0,26.0,0.7081893086433411,28.0,56.0,0.7023454904556274,95.0,57.0,0.6720640659332275,8.0,84.0,0.7594397664070129,129.0,89.0,0.8095265626907349,35.0,92.0,0.5109351277351379,166.0,80.0,0.6998190879821777,49.0,131.0,0.5417952537536621,91.0,131.0,0.5317510962486267,61.0,167.0,0.7024348378181458,122.0,180.0,0.7420223355293274,65.0,211.0,0.7700299024581909,99.0,219.0,0.7680133581161499
8,639,316,691,418,415,372,534,536,41.0,38.0,0.3775459825992584,45.0,30.0,0.4202450215816498,34.0,32.0,0.46794626116752625,66.0,22.0,0.4495980441570282,62.0,22.0,0.18314415216445923,106.0,44.0,0.5185762047767639,42.0,58.0,0.2710069715976715,153.0,47.0,0.28196075558662415,12.0,47.0,0.3610600233078003,162.0,42.0,0.24729810655117035,56.0,39.0,0.18651477992534637,105.0,116.0,0.28070852160453796,52.0,115.0,0.22655566036701202,105.0,164.0,0.29282522201538086,53.0,158.0,0.15047015249729156,100.0,204.0,0.4748181700706482,63.0,193.0,0.3369383215904236,81.0,31.0,0.3019399046897888,81.0,24.0,0.15567204356193542,81.0,27.0,0.41062384843826294,48.0,26.0,0.5680049061775208,77.0,29.0,0.7123062610626221,26.0,56.0,0.6843774318695068,96.0,59.0,0.6667959094047546,8.0,87.0,0.7655777931213379,130.0,91.0,0.8309323787689209,35.0,96.0,0.5487890839576721,166.0,80.0,0.706396758556366,53.0,131.0,0.5090581774711609,94.0,130.0,0.5311318039894104,65.0,165.0,0.6836115717887878,129.0,179.0,0.740380585193634,65.0,208.0,0.7561312913894653,107.0,219.0,0.7521474957466125
9,639,316,691,418,414,373,535,535,41.0,36.0,0.34322792291641235,47.0,26.0,0.371431440114975,32.0,30.0,0.45973682403564453,70.0,20.0,0.5203461647033691,67.0,21.0,0.2609412968158722,106.0,44.0,0.5353226661682129,38.0,54.0,0.31749895215034485,153.0,47.0,0.3111255466938019,11.0,46.0,0.39790594577789307,175.0,45.0,0.22624099254608154,68.0,37.0,0.231400728225708,101.0,116.0,0.3077237010002136,51.0,115.0,0.2616719901561737,103.0,164.0,0.3077229857444763,49.0,158.0,0.15083052217960358,100.0,206.0,0.48198455572128296,61.0,193.0,0.36436617374420166,84.0,32.0,0.4641536772251129,83.0,26.0,0.20300309360027313,83.0,31.0,0.4719618558883667,48.0,30.0,0.5494280457496643,78.0,30.0,0.691572904586792,27.0,58.0,0.6920413970947266,95.0,61.0,0.6483809351921082,7.0,91.0,0.7607941031455994,129.0,95.0,0.8225558996200562,23.0,104.0,0.617605984210968,167.0,81.0,0.7042264938354492,57.0,133.0,0.5347071886062622,96.0,132.0,0.5507562756538391,68.0,166.0,0.7237919569015503,131.0,181.0,0.766994297504425,67.0,209.0,0.7690429091453552,109.0,223.0,0.7468985915184021
10,638,316,693,421,412,374,536,536,42.0,35.0,0.38968920707702637,49.0,26.0,0.4821127951145172,35.0,28.0,0.5538325309753418,70.0,23.0,0.5614458918571472,28.0,35.0,0.3469513952732086,104.0,42.0,0.5581439733505249,34.0,49.0,0.38175395131111145,143.0,49.0,0.3022187650203705,14.0,43.0,0.4271180331707001,159.0,45.0,0.3145882785320282,72.0,37.0,0.2897990643978119,97.0,112.0,0.3747556209564209,43.0,111.0,0.34370431303977966,101.0,158.0,0.34560731053352356,41.0,154.0,0.28532662987709045,97.0,201.0,0.4953911304473877,61.0,189.0,0.46727123856544495,84.0,32.0,0.5089768767356873,83.0,26.0,0.23692645132541656,83.0,27.0,0.5377951264381409,48.0,30.0,0.5365357995033264,78.0,30.0,0.7324113845825195,30.0,58.0,0.6952565908432007,96.0,60.0,0.6773249506950378,8.0,91.0,0.7928318977355957,129.0,95.0,0.8431525826454163,18.0,109.0,0.7506543397903442,169.0,81.0,0.6805061101913452,61.0,133.0,0.5505819916725159,99.0,132.0,0.5521869659423828,71.0,165.0,0.7048754096031189,133.0,181.0,0.7692734599113464,69.0,207.0,0.7801989912986755,111.0,224.0,0.7703726887702942
11,638,317,677,419,638,317,692,421,58.0,35.0,0.21110579371452332,71.0,26.0,0.23596340417861938,48.0,25.0,0.30556267499923706,98.0,18.0,0.3166395425796509,36.0,22.0,0.22500084340572357,141.0,48.0,0.22039839625358582,50.0,65.0,0.15371651947498322,191.0,49.0,0.13435310125350952,24.0,132.0,0.08163515478372574,135.0,203.0,0.13093365728855133,52.0,38.0,0.055666204541921616,131.0,112.0,0.11232709884643555,67.0,111.0,0.07959283888339996,148.0,124.0,0.09167265146970749,38.0,125.0,0.1461821049451828,136.0,201.0,0.37101903557777405,80.0,192.0,0.31969428062438965,45.0,33.0,0.3454999029636383,53.0,24.0,0.46982908248901367,35.0,26.0,0.5398913621902466,74.0,20.0,0.5310497283935547,28.0,31.0,0.37031057476997375,105.0,40.0,0.518397867679596,29.0,49.0,0.38851308822631836,147.0,45.0,0.2922435700893402,13.0,40.0,0.304387629032135,174.0,46.0,0.23275956511497498,56.0,34.0,0.17669594287872314,97.0,108.0,0.3858082890510559,43.0,107.0,0.3740893602371216,101.0,154.0,0.371830016374588,38.0,154.0,0.30559587478637695,99.0,199.0,0.5095506310462952,58.0,188.0,0.44979405403137207
12,637,316,692,421,411,374,541,536,50.0,26.0,0.3194015920162201,59.0,22.0,0.387539803981781,40.0,28.0,0.3855241537094116,74.0,24.0,0.4892737865447998,32.0,26.0,0.3557600975036621,106.0,44.0,0.46200478076934814,30.0,54.0,0.32629093527793884,156.0,50.0,0.2204267382621765,16.0,44.0,0.276163250207901,170.0,50.0,0.09909065812826157,56.0,38.0,0.18790189921855927,97.0,110.0,0.3794785737991333,41.0,109.0,0.3605961799621582,105.0,154.0,0.35355547070503235,34.0,154.0,0.2951188385486603,101.0,201.0,0.5111483335494995,57.0,189.0,0.4005812406539917,81.0,31.0,0.294945627450943,79.0,20.0,0.13475538790225983,83.0,26.0,0.3641777038574219,47.0,31.0,0.5540889501571655,76.0,30.0,0.7311772108078003,29.0,59.0,0.6800227165222168,98.0,62.0,0.6917591691017151,10.0,92.0,0.7744054198265076,128.0,96.0,0.8531724214553833,12.0,111.0,0.7654602527618408,170.0,84.0,0.7104763984680176,63.0,136.0,0.5576491951942444,99.0,135.0,0.5455101132392883,69.0,169.0,0.7464927434921265,126.0,184.0,0.7718724608421326,69.0,205.0,0.7938855886459351,101.0,229.0,0.735605001449585
13,636,317,690,420,410,374,545,536,50.0,22.0,0.3916444480419159,59.0,14.0,0.3999421298503876,44.0,16.0,0.3986307680606842,78.0,20.0,0.4048606753349304,32.0,24.0,0.30401185154914856,110.0,44.0,0.4400956332683563,34.0,54.0,0.2911739647388458,175.0,53.0,0.34772828221321106,16.0,44.0,0.1803956925868988,191.0,54.0,0.08060729503631592,56.0,40.0,0.11643772572278976,98.0,110.0,0.3244246542453766,43.0,111.0,0.315566748380661,109.0,152.0,0.2798961102962494,30.0,152.0,0.25751301646232605,104.0,204.0,0.5031781792640686,56.0,192.0,0.3478021025657654,81.0,31.0,0.582362949848175,79.0,26.0,0.2984989285469055,79.0,29.0,0.5884557962417603,46.0,32.0,0.528874933719635,74.0,30.0,0.7526834607124329,30.0,60.0,0.6542273759841919,98.0,63.0,0.6972678899765015,12.0,95.0,0.75489342212677,127.0,96.0,0.847823977470398,12.0,111.0,0.7159921526908875,169.0,84.0,0.723856508731842,61.0,136.0,0.5343451499938965,96.0,136.0,0.5310221314430237,66.0,172.0,0.7346213459968567,121.0,185.0,0.7614227533340454,67.0,208.0,0.7952059507369995,96.0,232.0,0.7306047081947327
14,634,317,688,420,411,374,550,536,58.0,22.0,0.2753116190433502,63.0,18.0,0.33394744992256165,48.0,20.0,0.3342188596725464,82.0,24.0,0.2474251389503479,40.0,26.0,0.21788369119167328,114.0,44.0,0.3625994324684143,38.0,50.0,0.25428980588912964,177.0,57.0,0.16597090661525726,176.0,56.0,0.08370310068130493,191.0,58.0,0.15820103883743286,62.0,44.0,0.07031711935997009,101.0,112.0,0.280447781085968,47.0,111.0,0.24888496100902557,109.0,154.0,0.27159762382507324,30.0,149.0,0.16226030886173248,112.0,204.0,0.42999330163002014,48.0,192.0,0.2786612808704376,77.0,31.0,0.5682069659233093,79.0,26.0,0.2652619183063507,75.0,29.0,0.5717941522598267,44.0,34.0,0.5072747468948364,70.0,32.0,0.744947075843811,30.0,61.0,0.6311235427856445,94.0,63.0,0.7161945700645447,12.0,96.0,0.5860563516616821,125.0,96.0,0.8517760038375854,11.0,107.0,0.6288796067237854,167.0,84.0,0.7235195636749268,57.0,136.0,0.4984925091266632,92.0,136.0,0.5211917161941528,64.0,172.0,0.7138310670852661,114.0,185.0,0.7426748275756836,61.0,215.0,0.7996403574943542,91.0,235.0,0.7313516139984131
15,633,318,682,420,411,374,551,537,69.0,39.0,0.2652550935745239,79.0,30.0,0.3105684220790863,57.0,28.0,0.4321259558200836,94.0,24.0,0.3874174952507019,48.0,26.0,0.3030705749988556,125.0,42.0,0.4546361565589905,42.0,46.0,0.3591083884239197,179.0,56.0,0.23031382262706757,28.0,40.0,0.18482288718223572,191.0,58.0,0.24319852888584137,112.0,35.0,0.11436617374420166,113.0,108.0,0.3279659152030945,51.0,107.0,0.3196909427642822,121.0,154.0,0.3314289450645447,23.0,152.0,0.4099868834018707,127.0,201.0,0.4940173327922821,41.0,186.0,0.32394668459892273,76.0,32.0,0.43561407923698425,75.0,26.0,0.20151706039905548,75.0,28.0,0.4993334710597992,44.0,34.0,0.5069543719291687,69.0,31.0,0.7340938448905945,30.0,61.0,0.655321478843689,94.0,63.0,0.7024722695350647,11.0,99.0,0.7250992655754089,125.0,96.0,0.8432151675224304,17.0,88.0,0.17996811866760254,167.0,83.0,0.6524145007133484,55.0,136.0,0.5146067142486572,92.0,136.0,0.5264291167259216,62.0,174.0,0.7271618843078613,111.0,186.0,0.7230901122093201,57.0,220.0,0.7942050695419312,91.0,235.0,0.7228098511695862
16,631,318,678,419,412,374,552,538,85.0,39.0,0.24502429366111755,87.0,20.0,0.3187679052352905,69.0,28.0,0.3394148647785187,102.0,20.0,0.3951621353626251,56.0,20.0,0.294167697429657,137.0,42.0,0.4528542459011078,57.0,43.0,0.42832404375076294,190.0,59.0,0.3463596999645233,25.0,44.0,0.44732266664505005,191.0,59.0,0.1479111611843109,59.0,53.0,0.19812048971652985,121.0,111.0,0.32819727063179016,61.0,109.0,0.3296988010406494,129.0,154.0,0.3221990466117859,23.0,151.0,0.4237346649169922,137.0,205.0,0.5295360684394836,35.0,192.0,0.4923015534877777,73.0,30.0,0.3410898447036743,37.0,40.0,0.26169025897979736,71.0,26.0,0.44426676630973816,40.0,34.0,0.5093909502029419,66.0,30.0,0.742776095867157,28.0,62.0,0.6544731259346008,91.0,63.0,0.7045248746871948,11.0,96.0,0.7692770957946777,124.0,95.0,0.8301383852958679,17.0,83.0,0.15516498684883118,166.0,76.0,0.7135103940963745,55.0,136.0,0.5157923698425293,92.0,137.0,0.5204311013221741,60.0,176.0,0.7802384495735168,105.0,185.0,0.7053285837173462,53.0,224.0,0.7549043893814087,88.0,235.0,0.7460038065910339
17,625,317,679,412,413,374,548,539,86.0,24.0,0.3041899800300598,93.0,24.0,0.3183082938194275,76.0,20.0,0.32953065633773804,110.0,24.0,0.4331212639808655,67.0,24.0,0.3958006501197815,136.0,50.0,0.49642422795295715,60.0,50.0,0.47852450609207153,180.0,67.0,0.3808295726776123,44.0,63.0,0.43591001629829407,191.0,72.0,0.11954765766859055,100.0,53.0,0.25234055519104004,121.0,124.0,0.4279349744319916,65.0,123.0,0.43791744112968445,128.0,168.0,0.4583485424518585,36.0,166.0,0.5129935145378113,142.0,219.0,0.5740194320678711,35.0,208.0,0.6094455122947693,73.0,26.0,0.46442389488220215,71.0,22.0,0.23005998134613037,71.0,24.0,0.5430058240890503,36.0,34.0,0.5000633597373962,66.0,28.0,0.743320107460022,28.0,60.0,0.6665666699409485,91.0,61.0,0.694747805595398,11.0,95.0,0.7826260328292847,123.0,92.0,0.8306354880332947,21.0,79.0,0.1470181792974472,167.0,73.0,0.754969596862793,55.0,138.0,0.5155394673347473,95.0,137.0,0.5035781860351562,60.0,178.0,0.7839111089706421,103.0,184.0,0.6887674331665039,53.0,227.0,0.7658697962760925,91.0,232.0,0.7541025876998901
18,620,316,682,409,414,373,544,540,85.0,27.0,0.7040044665336609,91.0,18.0,0.6834728717803955,78.0,20.0,0.6996434330940247,106.0,24.0,0.7051266431808472,69.0,27.0,0.6724469661712646,131.0,53.0,0.6411488652229309,55.0,54.0,0.6374346017837524,165.0,71.0,0.4493987262248993,52.0,78.0,0.5107284784317017,175.0,85.0,0.45444250106811523,93.0,63.0,0.3298642337322235,117.0,132.0,0.49784141778945923,67.0,131.0,0.517893373966217,124.0,176.0,0.533044695854187,40.0,174.0,0.5351619124412537,139.0,227.0,0.6329838037490845,29.0,216.0,0.6104991436004639,71.0,27.0,0.4202439785003662,67.0,20.0,0.2341502457857132,67.0,23.0,0.4943743944168091,36.0,34.0,0.5004419684410095,64.0,28.0,0.7103824615478516,28.0,58.0,0.6268805861473083,88.0,60.0,0.659959077835083,9.0,91.0,0.7445207238197327,123.0,92.0,0.794227659702301,24.0,56.0,0.221124067902565,168.0,68.0,0.7279605865478516,57.0,139.0,0.49889278411865234,97.0,137.0,0.48825058341026306,60.0,180.0,0.7497649192810059,103.0,182.0,0.6693456768989563,52.0,228.0,0.7537422776222229,95.0,231.0,0.7446203231811523
19,614,317,682,410,414,372,536,541,90.0,24.0,0.7658219933509827,95.0,18.0,0.7384741902351379,84.0,18.0,0.7531355619430542,108.0,22.0,0.7725962400436401,76.0,25.0,0.736660897731781,132.0,52.0,0.6858700513839722,63.0,53.0,0.6934210062026978,165.0,72.0,0.568456768989563,51.0,77.0,0.5104348063468933,176.0,95.0,0.5001229643821716,83.0,85.0,0.20074546337127686,121.0,128.0,0.540847897529602,73.0,127.0,0.5210720300674438,127.0,173.0,0.555418848991394,47.0,169.0,0.5759557485580444,142.0,223.0,0.6513277292251587,31.0,212.0,0.6245447993278503,75.0,28.0,0.6004595756530762,71.0,22.0,0.4289659559726715,71.0,23.0,0.649518609046936,36.0,34.0,0.3996495008468628,67.0,29.0,0.6905595064163208,26.0,58.0,0.604455828666687,90.0,60.0,0.6410087943077087,8.0,88.0,0.7311902642250061,126.0,92.0,0.7567906379699707,16.0,68.0,0.16489405930042267,170.0,68.0,0.7468672394752502,59.0,136.0,0.497924268245697,104.0,136.0,0.49283233284950256,63.0,181.0,0.7256933450698853,109.0,181.0,0.6567133069038391,53.0,229.0,0.7509217262268066,105.0,227.0,0.7576362490653992
20,609,318,680,411,414,371,530,548,97.0,23.0,0.7730002403259277,101.0,16.0,0.739777684211731,88.0,16.0,0.7495177984237671,114.0,20.0,0.7960740327835083,81.0,23.0,0.723209023475647,136.0,50.0,0.7028151750564575,68.0,52.0,0.6753930449485779,168.0,74.0,0.6689392328262329,51.0,79.0,0.6153421401977539,176.0,100.0,0.7037661075592041,83.0,85.0,0.2135920375585556,124.0,126.0,0.546044647693634,79.0,125.0,0.5500503778457642,132.0,171.0,0.5904432535171509,49.0,169.0,0.6091151237487793,148.0,223.0,0.6635528802871704,28.0,212.0,0.6313254237174988,76.0,27.0,0.5932446718215942,71.0,20.0,0.5114156603813171,71.0,26.0,0.6711466908454895,42.0,34.0,0.3525480329990387,66.0,30.0,0.6624548435211182,26.0,57.0,0.5530374646186829,90.0,62.0,0.5978245139122009,10.0,82.0,0.688019335269928,127.0,89.0,0.7511078715324402,72.0,22.0,0.13722530007362366,170.0,64.0,0.7242361307144165,62.0,132.0,0.47281137108802795,108.0,132.0,0.46163371205329895,68.0,176.0,0.693726658821106,115.0,174.0,0.6477476954460144,55.0,223.0,0.7580158710479736,115.0,216.0,0.7902618646621704
21,605,317,679,410,414,373,525,555,97.0,26.0,0.8227683305740356,103.0,20.0,0.7872311472892761,92.0,22.0,0.8163658380508423,115.0,25.0,0.8163999319076538,84.0,27.0,0.7654670476913452,138.0,54.0,0.7221843004226685,71.0,57.0,0.738844096660614,165.0,83.0,0.6889321804046631,55.0,87.0,0.7694976925849915,173.0,112.0,0.639161229133606,87.0,85.0,0.4290752708911896,124.0,130.0,0.554440438747406,81.0,129.0,0.5570212602615356,131.0,173.0,0.5998575091362,51.0,172.0,0.6205613613128662,152.0,223.0,0.6954420208930969,27.0,212.0,0.6232407093048096,76.0,27.0,0.5463621616363525,73.0,20.0,0.45335912704467773,73.0,23.0,0.62578284740448,44.0,34.0,0.35607513785362244,68.0,29.0,0.6301087141036987,25.0,55.0,0.5564659833908081,90.0,60.0,0.5851171612739563,11.0,75.0,0.6446532607078552,128.0,87.0,0.7385537028312683,73.0,17.0,0.19226400554180145,170.0,60.0,0.7378908395767212,65.0,126.0,0.4195226728916168,113.0,125.0,0.42978471517562866,72.0,174.0,0.6408170461654663,123.0,168.0,0.6242304444313049,55.0,219.0,0.7714836001396179,123.0,207.0,0.7510691285133362
22,603,318,676,411,414,374,519,559,101.0,25.0,0.8029752373695374,105.0,19.0,0.7622008323669434,92.0,20.0,0.8156317472457886,118.0,24.0,0.8003804087638855,87.0,27.0,0.7527996897697449,140.0,55.0,0.7245224118232727,72.0,56.0,0.7306505441665649,163.0,87.0,0.6427175402641296,52.0,86.0,0.7536924481391907,174.0,117.0,0.6795755624771118,79.0,93.0,0.5687122941017151,125.0,128.0,0.5553489923477173,83.0,125.0,0.5513512492179871,135.0,172.0,0.6054162383079529,53.0,169.0,0.6136537790298462,157.0,221.0,0.6550155282020569,20.0,212.0,0.627875566482544,80.0,27.0,0.5600026249885559,73.0,20.0,0.47887173295021057,74.0,24.0,0.621537983417511,40.0,34.0,0.3576259911060333,68.0,30.0,0.6037799119949341,26.0,57.0,0.5126028060913086,88.0,60.0,0.527583658695221,11.0,71.0,0.5616725087165833,132.0,87.0,0.6784589886665344,68.0,20.0,0.1821725070476532,170.0,60.0,0.7116342782974243,65.0,128.0,0.3976477384567261,120.0,124.0,0.391824871301651,79.0,174.0,0.6308878064155579,133.0,165.0,0.6122903823852539,60.0,223.0,0.7419607639312744,132.0,204.0,0.7379908561706543
23,601,318,672,413,413,374,514,564,102.0,26.0,0.7427820563316345,109.0,20.0,0.7461294531822205,96.0,20.0,0.7737551331520081,122.0,25.0,0.7824980020523071,89.0,27.0,0.748175323009491,143.0,56.0,0.7208028435707092,75.0,56.0,0.6922367215156555,165.0,88.0,0.6387100219726562,52.0,85.0,0.727586030960083,175.0,117.0,0.6972121000289917,76.0,95.0,0.5419883728027344,129.0,128.0,0.5478395223617554,83.0,125.0,0.5640794038772583,140.0,171.0,0.5891611576080322,53.0,167.0,0.6050103306770325,166.0,217.0,0.6407210826873779,23.0,207.0,0.6165616512298584,82.0,30.0,0.4925251007080078,79.0,24.0,0.4461914002895355,77.0,24.0,0.5859172940254211,40.0,38.0,0.35361307859420776,71.0,33.0,0.5477801561355591,33.0,60.0,0.4793207049369812,87.0,63.0,0.5013832449913025,12.0,68.0,0.39643529057502747,137.0,89.0,0.6390540599822998,69.0,21.0,0.09202880412340164,172.0,63.0,0.6864319443702698,66.0,128.0,0.37823888659477234,124.0,124.0,0.34989094734191895,84.0,176.0,0.5933209657669067,144.0,162.0,0.5816888213157654,67.0,225.0,0.6979178786277771,143.0,203.0,0.7181388139724731
24,601,319,669,413,413,379,512,567,101.0,25.0,0.7163776755332947,109.0,18.0,0.7083409428596497,96.0,20.0,0.711035430431366,121.0,23.0,0.7742434740066528,87.0,25.0,0.7641919255256653,142.0,54.0,0.6977791786193848,71.0,55.0,0.6888948678970337,160.0,91.0,0.621799647808075,48.0,87.0,0.7350751161575317,171.0,119.0,0.6308253407478333,68.0,99.0,0.527596652507782,129.0,125.0,0.5202630758285522,81.0,125.0,0.5434561371803284,142.0,171.0,0.5802976489067078,51.0,167.0,0.5999050736427307,172.0,215.0,0.6389062404632568,20.0,208.0,0.6335495114326477,84.0,31.0,0.5489307045936584,79.0,26.0,0.4571409225463867,79.0,26.0,0.59229975938797,40.0,40.0,0.32614800333976746,75.0,33.0,0.528649091720581,29.0,58.0,0.498031347990036,86.0,62.0,0.5072095990180969,16.0,64.0,0.362868070602417,134.0,88.0,0.6708769798278809,64.0,20.0,0.08585264533758163,168.0,62.0,0.695871114730835,62.0,130.0,0.3779773712158203,120.0,124.0,0.32688987255096436,88.0,176.0,0.5602532625198364,151.0,161.0,0.6068289875984192,71.0,229.0,0.6609413623809814,147.0,204.0,0.6836188435554504
25,601,319,669,419,413,384,508,568,97.0,24.0,0.7277480959892273,103.0,18.0,0.7159526348114014,90.0,18.0,0.6997272968292236,116.0,23.0,0.7836295962333679,81.0,25.0,0.7481369972229004,134.0,52.0,0.6908831000328064,63.0,53.0,0.6825187802314758,149.0,84.0,0.6234015226364136,43.0,80.0,0.6181067228317261,159.0,108.0,0.6769258975982666,52.0,95.0,0.5222869515419006,122.0,118.0,0.5481674671173096,73.0,117.0,0.5390937924385071,141.0,159.0,0.6001023650169373,47.0,156.0,0.6250544786453247,169.0,203.0,0.6241638660430908,20.0,196.0,0.6429505944252014,86.0,26.0,0.5914799571037292,83.0,24.0,0.4702855050563812,81.0,24.0,0.6259575486183167,36.0,36.0,0.24909576773643494,75.0,33.0,0.5091818571090698,25.0,58.0,0.45839256048202515,87.0,60.0,0.5130921602249146,15.0,56.0,0.16125473380088806,136.0,88.0,0.6708858609199524,67.0,16.0,0.1584307998418808,170.0,60.0,0.7192808389663696,60.0,133.0,0.3720724880695343,120.0,124.0,0.31751787662506104,92.0,180.0,0.5011194348335266,161.0,161.0,0.5903950929641724,73.0,233.0,0.6353695392608643,151.0,208.0,0.697401225566864
26,600,319,668,418,413,386,506,568,97.0,24.0,0.7006840109825134,102.0,18.0,0.7199147939682007,88.0,18.0,0.7029990553855896,114.0,24.0,0.7834489941596985,79.0,25.0,0.777024507522583,131.0,53.0,0.6982124447822571,59.0,53.0,0.686109721660614,143.0,84.0,0.60940021276474,39.0,81.0,0.5628669261932373,150.0,109.0,0.633587658405304,43.0,95.0,0.5362178683280945,118.0,118.0,0.5381819009780884,71.0,119.0,0.5176845192909241,139.0,159.0,0.5980960726737976,47.0,159.0,0.6143975257873535,170.0,203.0,0.6353760957717896,24.0,196.0,0.6607872247695923,84.0,25.0,0.5831423401832581,83.0,22.0,0.44165128469467163,81.0,24.0,0.5623387694358826,32.0,34.0,0.24546360969543457,76.0,30.0,0.44248881936073303,25.0,58.0,0.5293000936508179,85.0,59.0,0.5392540097236633,53.0,76.0,0.10408391803503036,135.0,89.0,0.6765938997268677,66.0,16.0,0.20212195813655853,166.0,60.0,0.7232922911643982,61.0,132.0,0.3680049180984497,116.0,128.0,0.3402782678604126,96.0,182.0,0.5184062719345093,167.0,165.0,0.6162574887275696,76.0,231.0,0.6388071179389954,151.0,212.0,0.6614944934844971
27,600,319,666,419,413,386,507,568,94.0,24.0,0.6932960748672485,101.0,18.0,0.6984148621559143,88.0,18.0,0.6987991333007812,112.0,23.0,0.7825345396995544,79.0,23.0,0.7672834396362305,130.0,52.0,0.6708757281303406,59.0,52.0,0.6733202338218689,145.0,82.0,0.4897664785385132,39.0,74.0,0.5268495082855225,146.0,105.0,0.5031189322471619,35.0,91.0,0.5434281826019287,118.0,116.0,0.5314352512359619,68.0,117.0,0.51601642370224,142.0,155.0,0.6016492247581482,47.0,155.0,0.6086177825927734,172.0,199.0,0.637285053730011,24.0,196.0,0.6498204469680786,80.0,27.0,0.4927856922149658,79.0,22.0,0.42410793900489807,75.0,23.0,0.558937132358551,32.0,36.0,0.25924646854400635,72.0,30.0,0.45311281085014343,22.0,56.0,0.5401365160942078,83.0,59.0,0.5411550402641296,42.0,30.0,0.09818339347839355,128.0,91.0,0.6967440247535706,68.0,16.0,0.22592636942863464,158.0,60.0,0.7331326603889465,61.0,132.0,0.3618391156196594,116.0,128.0,0.3658965826034546,96.0,180.0,0.5663259029388428,167.0,167.0,0.628646731376648,73.0,232.0,0.6323739290237427,143.0,216.0,0.6715344190597534
28,600,319,665,418,410,384,508,568,93.0,23.0,0.7336714863777161,98.0,16.0,0.7019418478012085,86.0,16.0,0.6959002614021301,110.0,22.0,0.7875053882598877,75.0,23.0,0.8230254650115967,126.0,50.0,0.6342357397079468,56.0,52.0,0.6424494981765747,142.0,78.0,0.29768577218055725,37.0,74.0,0.4939108192920685,142.0,99.0,0.2610425651073456,30.0,95.0,0.5751464366912842,118.0,116.0,0.4839566648006439,67.0,115.0,0.49572235345840454,142.0,155.0,0.6156905889511108,47.0,156.0,0.6117522120475769,170.0,199.0,0.6208754777908325,27.0,196.0,0.6329740881919861,80.0,27.0,0.5664657354354858,79.0,22.0,0.4635508954524994,77.0,24.0,0.5808534026145935,32.0,36.0,0.2215328961610794,75.0,31.0,0.5522759556770325,29.0,55.0,0.5627699494361877,83.0,60.0,0.5745799541473389,45.0,28.0,0.10905743390321732,124.0,91.0,0.6569282412528992,65.0,17.0,0.21722407639026642,150.0,60.0,0.7167442440986633,65.0,132.0,0.3859201669692993,113.0,129.0,0.3631258010864258,96.0,180.0,0.5839285254478455,171.0,173.0,0.6329215168952942,76.0,232.0,0.6558993458747864,136.0,220.0,0.6842581033706665
29,599,319,665,413,406,383,509,569,89.0,23.0,0.7035026550292969,97.0,16.0,0.6978169083595276,84.0,16.0,0.695330023765564,108.0,22.0,0.7728229761123657,75.0,23.0,0.7789642810821533,125.0,52.0,0.6602180004119873,53.0,52.0,0.6682154536247253,137.0,81.0,0.3110131621360779,35.0,77.0,0.5228898525238037,138.0,103.0,0.22071295976638794,26.0,101.0,0.5816915035247803,117.0,120.0,0.49982208013534546,67.0,121.0,0.510694146156311,140.0,163.0,0.600016176700592,47.0,165.0,0.5953885316848755,166.0,208.0,0.5910731554031372,28.0,208.0,0.6303322911262512,83.0,21.0,0.6727544069290161,75.0,12.0,0.4712018072605133,75.0,18.0,0.6242145299911499,47.0,27.0,0.24111595749855042,75.0,31.0,0.6287099123001099,37.0,53.0,0.530015230178833,83.0,59.0,0.5644742846488953,64.0,76.0,0.11285379528999329,126.0,88.0,0.5794966220855713,62.0,15.0,0.2425389289855957,142.0,56.0,0.7377697229385376,69.0,132.0,0.4224882423877716,119.0,129.0,0.3754540979862213,98.0,178.0,0.6033226251602173,172.0,174.0,0.6486446857452393,79.0,231.0,0.6624201536178589,135.0,223.0,0.6894190907478333
30,598,319,664,412,403,378,509,573,93.0,23.0,0.6604336500167847,98.0,16.0,0.6683919429779053,86.0,16.0,0.6565103530883789,110.0,22.0,0.7565967440605164,75.0,23.0,0.7865272164344788,125.0,52.0,0.6550605893135071,53.0,52.0,0.6508495211601257,137.0,78.0,0.29587414860725403,33.0,78.0,0.529038667678833,138.0,103.0,0.22208812832832336,24.0,103.0,0.5836657285690308,117.0,118.0,0.49551984667778015,67.0,121.0,0.5160509943962097,140.0,163.0,0.5939292907714844,49.0,165.0,0.5805131793022156,168.0,211.0,0.605342447757721,31.0,211.0,0.6091861128807068,81.0,21.0,0.6021476984024048,77.0,14.0,0.5551077723503113,73.0,16.0,0.5967281460762024,48.0,32.0,0.25082483887672424,76.0,33.0,0.6248258948326111,41.0,55.0,0.5173839926719666,85.0,61.0,0.5379627346992493,49.0,32.0,0.11788098514080048,126.0,88.0,0.6232147812843323,61.0,17.0,0.21177037060260773,137.0,59.0,0.7336012125015259,75.0,132.0,0.4471326172351837,120.0,129.0,0.37679725885391235,98.0,176.0,0.6155348420143127,172.0,174.0,0.6651580333709717,80.0,227.0,0.6989215612411499,132.0,223.0,0.7099707126617432
31,596,319,663,418,403,376,508,578,93.0,21.0,0.6690815091133118,101.0,16.0,0.6706963777542114,88.0,16.0,0.6734476089477539,112.0,21.0,0.7800561785697937,77.0,21.0,0.8090734481811523,127.0,49.0,0.6571114659309387,55.0,49.0,0.665295422077179,141.0,78.0,0.40621307492256165,35.0,77.0,0.5637083053588867,146.0,99.0,0.4165913760662079,24.0,96.0,0.6055024862289429,118.0,110.0,0.509397566318512,68.0,113.0,0.5259100198745728,142.0,153.0,0.5942246317863464,53.0,155.0,0.6181715726852417,171.0,197.0,0.6051717400550842,35.0,200.0,0.6320124864578247,67.0,0.0,0.43033722043037415,67.0,0.0,0.4394799768924713,75.0,31.0,0.2839523255825043,48.0,32.0,0.2014877200126648,75.0,35.0,0.41585543751716614,41.0,55.0,0.5186657309532166,81.0,60.0,0.4852603077888489,50.0,32.0,0.10963816195726395,124.0,88.0,0.6439610123634338,61.0,17.0,0.21715843677520752,132.0,58.0,0.7174761891365051,77.0,128.0,0.4437905550003052,120.0,127.0,0.37496641278266907,98.0,170.0,0.6260067820549011,171.0,173.0,0.6595718264579773,81.0,221.0,0.7155845165252686,131.0,219.0,0.7257022857666016
32,595,318,663,418,403,374,507,581,97.0,25.0,0.6637974381446838,101.0,18.0,0.6811530590057373,89.0,18.0,0.6903228759765625,112.0,24.0,0.7886468172073364,79.0,23.0,0.8098888993263245,127.0,51.0,0.6735334396362305,56.0,52.0,0.668237030506134,139.0,81.0,0.4946253001689911,35.0,77.0,0.5592117309570312,146.0,103.0,0.5297965407371521,26.0,98.0,0.5987554788589478,117.0,112.0,0.5343753695487976,69.0,115.0,0.5363127589225769,142.0,153.0,0.5917203426361084,55.0,156.0,0.6106060147285461,168.0,196.0,0.6194484829902649,36.0,200.0,0.6424376368522644,80.0,35.0,0.4573620557785034,67.0,0.0,0.29838716983795166,73.0,32.0,0.32772815227508545,40.0,36.0,0.2201240211725235,72.0,36.0,0.4256012737751007,41.0,55.0,0.5207182765007019,79.0,60.0,0.4974169135093689,52.0,36.0,0.12060509622097015,124.0,88.0,0.6500324010848999,63.0,19.0,0.27981454133987427,128.0,60.0,0.7136953473091125,77.0,128.0,0.45070159435272217,120.0,126.0,0.37894749641418457,99.0,168.0,0.6211596131324768,171.0,173.0,0.6673972606658936,84.0,216.0,0.7135564088821411,128.0,220.0,0.7001824378967285
33,594,318,663,416,403,372,502,584,97.0,25.0,0.6972047686576843,101.0,20.0,0.6950213313102722,90.0,20.0,0.7107269167900085,112.0,25.0,0.7767344117164612,80.0,24.0,0.7974763512611389,127.0,53.0,0.6891313195228577,56.0,54.0,0.6640040874481201,141.0,82.0,0.5564400553703308,37.0,79.0,0.6111736297607422,153.0,105.0,0.5803907513618469,27.0,101.0,0.619523823261261,118.0,116.0,0.5346092581748962,69.0,117.0,0.5451397895812988,142.0,155.0,0.6179695129394531,55.0,159.0,0.6323212385177612,167.0,197.0,0.6147042512893677,39.0,204.0,0.652640700340271,71.0,15.0,0.2774602472782135,67.0,2.0,0.3261752426624298,68.0,20.0,0.26477915048599243,56.0,20.0,0.23655258119106293,76.0,39.0,0.3271498382091522,42.0,54.0,0.4558566212654114,79.0,60.0,0.41500669717788696,81.0,32.0,0.1446666270494461,125.0,89.0,0.5164164900779724,111.0,43.0,0.34669581055641174,130.0,60.0,0.628223717212677,81.0,128.0,0.4448292553424835,124.0,127.0,0.35829755663871765,104.0,168.0,0.590854287147522,173.0,173.0,0.6378549933433533,89.0,213.0,0.6933755874633789,131.0,221.0,0.661448061466217
34,594,319,664,416,403,371,499,586,93.0,25.0,0.6870645880699158,101.0,18.0,0.6978105902671814,89.0,18.0,0.7017136216163635,110.0,24.0,0.7809280753135681,79.0,23.0,0.7681440114974976,125.0,52.0,0.68926602602005,55.0,52.0,0.6731263399124146,139.0,83.0,0.5937904119491577,35.0,78.0,0.6065757870674133,155.0,107.0,0.5951628684997559,26.0,101.0,0.629650354385376,117.0,116.0,0.5377471446990967,68.0,117.0,0.5567302107810974,141.0,155.0,0.6233186721801758,55.0,159.0,0.657005786895752,165.0,193.0,0.6092209219932556,37.0,204.0,0.652332603931427,75.0,15.0,0.21180030703544617,73.0,1.0,0.19262416660785675,68.0,20.0,0.22946889698505402,56.0,20.0,0.19789721071720123,80.0,43.0,0.27143964171409607,44.0,56.0,0.35177385807037354,82.0,62.0,0.377178817987442,85.0,33.0,0.1880570501089096,129.0,91.0,0.5493379831314087,111.0,45.0,0.41681328415870667,130.0,62.0,0.5747312903404236,81.0,128.0,0.4380383789539337,128.0,127.0,0.3529844582080841,109.0,166.0,0.5821404457092285,170.0,176.0,0.6375674605369568,92.0,211.0,0.6748570799827576,132.0,224.0,0.652441680431366
35,593,319,665,418,404,373,494,591,97.0,27.0,0.7079889178276062,101.0,21.0,0.7111358642578125,89.0,22.0,0.716935396194458,110.0,26.0,0.7893726825714111,80.0,27.0,0.7827255725860596,125.0,53.0,0.695850670337677,57.0,53.0,0.6854619383811951,142.0,84.0,0.6280599236488342,37.0,78.0,0.6603371500968933,163.0,108.0,0.6253356337547302,27.0,103.0,0.6751903295516968,115.0,115.0,0.5567575097084045,71.0,117.0,0.5713459849357605,141.0,153.0,0.6340047121047974,56.0,156.0,0.667570173740387,164.0,188.0,0.6532117128372192,39.0,199.0,0.6786534786224365,74.0,4.0,0.4597097635269165,73.0,1.0,0.39491987228393555,69.0,8.0,0.3873668611049652,44.0,11.0,0.19373930990695953,65.0,13.0,0.2182457596063614,45.0,54.0,0.25666743516921997,84.0,60.0,0.20346905291080475,97.0,37.0,0.09518001228570938,133.0,89.0,0.34963130950927734,117.0,47.0,0.30569717288017273,132.0,59.0,0.35482028126716614,83.0,124.0,0.4095917344093323,133.0,125.0,0.32326391339302063,113.0,162.0,0.5713517665863037,170.0,174.0,0.5651646256446838,93.0,205.0,0.6608463525772095,135.0,223.0,0.6093031167984009
36,594,319,666,417,406,373,490,595,93.0,31.0,0.7095209956169128,97.0,24.0,0.7122061848640442,86.0,24.0,0.7286069989204407,108.0,28.0,0.7928181886672974,77.0,29.0,0.7494584918022156,123.0,57.0,0.7059739232063293,56.0,56.0,0.6945495009422302,141.0,86.0,0.6306139826774597,37.0,83.0,0.6754937767982483,165.0,109.0,0.6200199127197266,25.0,107.0,0.6898573637008667,113.0,117.0,0.5361242294311523,67.0,119.0,0.5732397437095642,138.0,156.0,0.6053957343101501,55.0,157.0,0.654647946357727,161.0,189.0,0.6255339980125427,36.0,200.0,0.6628551483154297,30.0,61.0,0.15957370400428772,31.0,58.0,0.18219931423664093,73.0,20.0,0.13434162735939026,41.0,64.0,0.1552727222442627,68.0,34.0,0.16661493480205536,46.0,56.0,0.18044230341911316,88.0,60.0,0.15954731404781342,77.0,74.0,0.07219599187374115,139.0,91.0,0.46301108598709106,119.0,50.0,0.16918730735778809,139.0,63.0,0.41099756956100464,81.0,124.0,0.39216646552085876,129.0,125.0,0.29560571908950806,113.0,158.0,0.49611398577690125,167.0,173.0,0.4695585072040558,92.0,200.0,0.6492078304290771,139.0,224.0,0.5779553055763245
37,596,321,667,412,406,381,490,599,89.0,29.0,0.7486920356750488,95.0,22.0,0.7163819670677185,84.0,22.0,0.7419431209564209,106.0,28.0,0.8089880347251892,75.0,29.0,0.7755785584449768,121.0,56.0,0.7093325853347778,55.0,57.0,0.7192371487617493,143.0,89.0,0.6453337669372559,35.0,85.0,0.6776381134986877,167.0,113.0,0.6640236377716064,23.0,111.0,0.7092174291610718,110.0,122.0,0.5276214480400085,65.0,123.0,0.5669451951980591,138.0,164.0,0.6124513149261475,53.0,164.0,0.6501363515853882,159.0,200.0,0.6215366125106812,32.0,212.0,0.6797678470611572,36.0,62.0,0.3515983521938324,36.0,56.0,0.4044683277606964,36.0,59.0,0.2220122218132019,44.0,58.0,0.2391139268875122,92.0,42.0,0.1294594258069992,66.0,63.0,0.11817502230405807,137.0,63.0,0.13930407166481018,85.0,12.0,0.06589018553495407,137.0,89.0,0.4342975318431854,86.0,18.0,0.1089034453034401,143.0,59.0,0.4187309145927429,78.0,122.0,0.3587673604488373,128.0,124.0,0.27215564250946045,115.0,155.0,0.44655412435531616,162.0,176.0,0.4522232413291931,87.0,193.0,0.642893373966217,131.0,224.0,0.6038662791252136
38,597,321,667,411,407,388,489,601,89.0,32.0,0.732855498790741,97.0,26.0,0.7122162580490112,84.0,26.0,0.7494385838508606,106.0,30.0,0.7781713604927063,75.0,31.0,0.7934006452560425,122.0,59.0,0.7013988494873047,55.0,60.0,0.6982521414756775,146.0,91.0,0.6502127051353455,33.0,88.0,0.6881757378578186,171.0,115.0,0.6364131569862366,22.0,112.0,0.6976739168167114,110.0,126.0,0.5145249366760254,67.0,127.0,0.560431182384491,137.0,166.0,0.609687864780426,55.0,165.0,0.6547308564186096,156.0,204.0,0.6499413251876831,31.0,215.0,0.663398027420044,37.0,60.0,0.34676873683929443,41.0,58.0,0.3386183977127075,36.0,59.0,0.17909549176692963,48.0,60.0,0.18297386169433594,64.0,48.0,0.09166732430458069,69.0,40.0,0.10335122793912888,86.0,40.0,0.11262441426515579,84.0,74.0,0.04884791746735573,135.0,87.0,0.3483027219772339,83.0,10.0,0.1085023432970047,146.0,60.0,0.3237307667732239,80.0,122.0,0.2795536518096924,112.0,126.0,0.2937771677970886,114.0,156.0,0.3507732152938843,165.0,177.0,0.46884286403656006,81.0,189.0,0.6106883883476257,117.0,229.0,0.5568125247955322
39,598,322,668,413,408,393,490,602,89.0,29.0,0.7350839972496033,95.0,24.0,0.712725818157196,84.0,24.0,0.7388126850128174,106.0,28.0,0.766304612159729,75.0,29.0,0.7547277212142944,124.0,56.0,0.6756970882415771,56.0,56.0,0.6852381229400635,148.0,86.0,0.6456718444824219,35.0,84.0,0.6852825284004211,171.0,109.0,0.6322715878486633,24.0,108.0,0.7100992798805237,113.0,124.0,0.5073705911636353,65.0,123.0,0.5507599115371704,137.0,162.0,0.6019506454467773,53.0,159.0,0.6479510068893433,155.0,200.0,0.6609092354774475,28.0,208.0,0.6420815587043762,41.0,64.0,0.39096778631210327,43.0,58.0,0.3371373116970062,40.0,59.0,0.15339720249176025,48.0,58.0,0.1760992556810379,68.0,18.0,0.10532611608505249,62.0,51.0,0.09910780936479568,90.0,56.0,0.1253887414932251,96.0,86.0,0.06692303717136383,125.0,89.0,0.2893655598163605,136.0,56.0,0.11493691802024841,143.0,61.0,0.36243125796318054,75.0,124.0,0.2692813575267792,103.0,128.0,0.3153805434703827,108.0,160.0,0.3025313913822174,161.0,183.0,0.44293034076690674,75.0,189.0,0.6017903685569763,107.0,231.0,0.568412721157074
40,599,322,668,411,410,403,493,602,89.0,31.0,0.7615116238594055,95.0,24.0,0.7277593612670898,84.0,24.0,0.745408833026886,106.0,28.0,0.7947837114334106,75.0,29.0,0.7556030750274658,125.0,57.0,0.6752324104309082,55.0,57.0,0.6758727431297302,150.0,87.0,0.6441441178321838,35.0,85.0,0.7184494733810425,171.0,112.0,0.6112148761749268,24.0,108.0,0.7072271108627319,114.0,124.0,0.4964306950569153,67.0,123.0,0.5250095129013062,137.0,164.0,0.598152220249176,49.0,159.0,0.590552568435669,155.0,204.0,0.6460022330284119,24.0,212.0,0.6424453258514404,107.0,23.0,0.3492893874645233,97.0,14.0,0.49327653646469116,93.0,16.0,0.4334906339645386,99.0,21.0,0.08303944021463394,95.0,36.0,0.3608148992061615,61.0,52.0,0.1304256170988083,88.0,60.0,0.28268197178840637,44.0,64.0,0.122751884162426,108.0,91.0,0.5161725878715515,135.0,54.0,0.14140534400939941,139.0,61.0,0.5596019625663757,61.0,126.0,0.27274593710899353,87.0,128.0,0.3451721668243408,106.0,160.0,0.3002707064151764,166.0,184.0,0.5309674739837646,59.0,187.0,0.5760339498519897,103.0,231.0,0.5412893891334534
41,599,322,669,411,410,407,496,601,89.0,29.0,0.7638725638389587,94.0,22.0,0.7269605994224548,83.0,22.0,0.7486314177513123,106.0,28.0,0.80218106508255,75.0,28.0,0.7578672766685486,125.0,55.0,0.6828424334526062,56.0,56.0,0.6866223216056824,148.0,86.0,0.662199854850769,37.0,84.0,0.6964167356491089,168.0,111.0,0.6329472661018372,24.0,108.0,0.7019262909889221,113.0,120.0,0.537272572517395,65.0,119.0,0.5529378652572632,135.0,163.0,0.5863308310508728,43.0,159.0,0.5670444965362549,152.0,204.0,0.666924238204956,20.0,212.0,0.6150048971176147,105.0,19.0,0.6788425445556641,101.0,14.0,0.7131891250610352,97.0,16.0,0.6337084770202637,91.0,26.0,0.10222368687391281,92.0,33.0,0.5683454871177673,56.0,58.0,0.17017735540866852,73.0,60.0,0.34071221947669983,74.0,96.0,0.0961303785443306,97.0,93.0,0.6064834594726562,136.0,55.0,0.2529922425746918,134.0,64.0,0.5763146281242371,61.0,128.0,0.24428172409534454,83.0,132.0,0.33877506852149963,104.0,162.0,0.33250659704208374,167.0,184.0,0.5287178754806519,47.0,189.0,0.5242490172386169,99.0,233.0,0.521156907081604
42,596,322,669,410,406,408,497,601,93.0,29.0,0.7800396680831909,101.0,24.0,0.737843930721283,88.0,24.0,0.7610162496566772,110.0,28.0,0.7955179214477539,80.0,29.0,0.7627744674682617,129.0,55.0,0.6995015740394592,63.0,57.0,0.704246997833252,150.0,86.0,0.6819552183151245,44.0,84.0,0.7206137776374817,167.0,111.0,0.661943793296814,34.0,109.0,0.7351832985877991,117.0,120.0,0.5662035942077637,69.0,119.0,0.5755637884140015,139.0,163.0,0.6283817291259766,47.0,159.0,0.5991472005844116,153.0,205.0,0.6526769995689392,23.0,208.0,0.6120854020118713,108.0,17.0,0.7447481751441956,105.0,12.0,0.7678662538528442,99.0,14.0,0.7067763805389404,92.0,28.0,0.1777295172214508,93.0,33.0,0.5676255822181702,108.0,53.0,0.1618453413248062,77.0,61.0,0.4274427592754364,99.0,89.0,0.0823720321059227,86.0,96.0,0.6127052307128906,131.0,62.0,0.2905917465686798,126.0,68.0,0.5570459365844727,73.0,130.0,0.25224149227142334,83.0,133.0,0.35739749670028687,102.0,164.0,0.3898824155330658,169.0,185.0,0.5847831964492798,37.0,193.0,0.5588350892066956,100.0,234.0,0.5475476384162903
43,595,322,668,410,399,399,498,602,97.0,29.0,0.7943708896636963,103.0,24.0,0.7399244904518127,91.0,24.0,0.7584217190742493,114.0,28.0,0.8052954077720642,83.0,29.0,0.7783865928649902,132.0,56.0,0.7036140561103821,64.0,56.0,0.7155400514602661,153.0,86.0,0.6776650547981262,48.0,84.0,0.7314057946205139,169.0,112.0,0.658626139163971,39.0,109.0,0.7239126563072205,118.0,118.0,0.5519688725471497,71.0,117.0,0.5659683346748352,142.0,161.0,0.6424803137779236,47.0,157.0,0.5983126759529114,156.0,206.0,0.6568143367767334,23.0,208.0,0.6231663227081299,109.0,31.0,0.40243276953697205,98.0,20.0,0.5286386013031006,96.0,24.0,0.435075581073761,88.0,24.0,0.18440932035446167,96.0,42.0,0.36191192269325256,74.0,60.0,0.2093396782875061,81.0,68.0,0.4313396215438843,78.0,103.0,0.11043496429920197,89.0,103.0,0.6392034888267517,95.0,20.0,0.17919307947158813,114.0,72.0,0.6698816418647766,77.0,134.0,0.33473488688468933,95.0,136.0,0.39689263701438904,105.0,170.0,0.4407590329647064,169.0,187.0,0.5951401591300964,33.0,201.0,0.5718691349029541,107.0,233.0,0.5851670503616333
44,595,322,668,407,389,391,498,601,97.0,33.0,0.7826525568962097,103.0,26.0,0.7288907766342163,92.0,28.0,0.7638314366340637,114.0,32.0,0.7908182144165039,83.0,31.0,0.7870330214500427,132.0,58.0,0.7044681906700134,65.0,59.0,0.7150274515151978,153.0,91.0,0.690185546875,48.0,88.0,0.7583552598953247,169.0,117.0,0.6881237030029297,39.0,113.0,0.7444602847099304,120.0,122.0,0.5501382946968079,71.0,121.0,0.555975615978241,144.0,167.0,0.6553223729133606,44.0,163.0,0.6265038847923279,156.0,212.0,0.6543917655944824,20.0,212.0,0.6412364840507507,117.0,43.0,0.3402455747127533,107.0,38.0,0.27924758195877075,104.0,40.0,0.34376204013824463,95.0,34.0,0.22032329440116882,86.0,52.0,0.4827547073364258,80.0,64.0,0.22820918262004852,84.0,72.0,0.3870401382446289,92.0,32.0,0.19284039735794067,105.0,107.0,0.6993475556373596,93.0,20.0,0.5624285936355591,100.0,71.0,0.6468951106071472,87.0,136.0,0.34137651324272156,109.0,141.0,0.40003669261932373,109.0,174.0,0.48194918036460876,169.0,189.0,0.6347752213478088,40.0,207.0,0.6447166800498962,115.0,235.0,0.6180729866027832
45,594,323,668,406,388,388,495,602,98.0,34.0,0.73940110206604,105.0,28.0,0.7338842749595642,92.0,28.0,0.747277021408081,116.0,31.0,0.7943527102470398,84.0,33.0,0.7813764810562134,132.0,58.0,0.6851759552955627,67.0,60.0,0.7159753441810608,153.0,91.0,0.7002207636833191,48.0,90.0,0.7302655577659607,171.0,118.0,0.6990372538566589,41.0,115.0,0.7223988771438599,121.0,124.0,0.5618520379066467,71.0,123.0,0.566832959651947,144.0,168.0,0.6631689071655273,44.0,164.0,0.6760575771331787,155.0,213.0,0.6579885482788086,20.0,212.0,0.6480099558830261,110.0,41.0,0.5867010951042175,106.0,32.0,0.4175646901130676,100.0,37.0,0.5345062017440796,72.0,48.0,0.18572938442230225,97.0,47.0,0.5702852606773376,77.0,68.0,0.29111573100090027,111.0,72.0,0.3683899939060211,111.0,42.0,0.3212406635284424,123.0,102.0,0.6842634081840515,89.0,22.0,0.5052950978279114,84.0,68.0,0.7104830741882324,90.0,134.0,0.36433643102645874,123.0,138.0,0.3710874915122986,97.0,174.0,0.6121285557746887,170.0,188.0,0.6043177843093872,36.0,210.0,0.6728719472885132,119.0,233.0,0.6298028826713562
46,593,325,669,405,387,398,491,600,97.0,33.0,0.7540526390075684,103.0,28.0,0.7322069406509399,92.0,28.0,0.7499099969863892,114.0,32.0,0.7884529829025269,83.0,33.0,0.7872349619865417,131.0,58.0,0.7112671136856079,67.0,60.0,0.7080486416816711,151.0,91.0,0.7024338841438293,49.0,91.0,0.7298186421394348,171.0,120.0,0.6591992378234863,42.0,116.0,0.7142168879508972,118.0,124.0,0.5763386487960815,69.0,125.0,0.5561402440071106,144.0,168.0,0.6519185304641724,45.0,165.0,0.6507312059402466,153.0,216.0,0.6446533203125,20.0,212.0,0.6319018602371216,102.0,19.0,0.6352490186691284,97.0,16.0,0.41913890838623047,94.0,20.0,0.5616282224655151,51.0,32.0,0.16289064288139343,93.0,31.0,0.6482363343238831,69.0,54.0,0.3008885979652405,109.0,56.0,0.4134642481803894,77.0,7.0,0.30160897970199585,145.0,83.0,0.5991982817649841,82.0,0.0,0.20127566158771515,72.0,50.0,0.4637726843357086,93.0,124.0,0.41303083300590515,139.0,124.0,0.36545345187187195,92.0,168.0,0.6180059909820557,165.0,181.0,0.5444048047065735,36.0,211.0,0.6795772910118103,124.0,232.0,0.6481093168258667
47,592,326,670,405,386,397,489,600,98.0,35.0,0.7170482873916626,105.0,30.0,0.7244327068328857,93.0,30.0,0.740399956703186,114.0,32.0,0.8227634429931641,84.0,33.0,0.8114715814590454,128.0,58.0,0.7208508253097534,68.0,60.0,0.7295078635215759,150.0,91.0,0.6773682236671448,49.0,91.0,0.7196524143218994,169.0,117.0,0.6486459374427795,41.0,117.0,0.7202919721603394,117.0,124.0,0.5780355930328369,71.0,125.0,0.5631842017173767,143.0,169.0,0.6544875502586365,47.0,167.0,0.6447548270225525,153.0,216.0,0.6402974128723145,20.0,216.0,0.6441477537155151,94.0,15.0,0.557329535484314,86.0,8.0,0.4152989089488983,84.0,16.0,0.5527046322822571,48.0,30.0,0.22670000791549683,84.0,25.0,0.5147488117218018,61.0,49.0,0.32937127351760864,79.0,48.0,0.2887330949306488,97.0,68.0,0.09743199497461319,165.0,63.0,0.3221755623817444,71.0,43.0,0.12684574723243713,159.0,64.0,0.1768815517425537,93.0,116.0,0.3766242563724518,149.0,116.0,0.33184024691581726,81.0,166.0,0.5888803601264954,157.0,176.0,0.522404134273529,35.0,209.0,0.669951856136322,131.0,227.0,0.6563882827758789
48,592,327,669,404,382,393,490,597,97.0,35.0,0.7267640829086304,103.0,28.0,0.7389209866523743,92.0,28.0,0.7583775520324707,113.0,31.0,0.8169993758201599,85.0,32.0,0.7624395489692688,126.0,58.0,0.7225913405418396,72.0,58.0,0.7270552515983582,149.0,89.0,0.6420156955718994,49.0,91.0,0.6694953441619873,171.0,115.0,0.6318209767341614,41.0,119.0,0.6407920718193054,117.0,125.0,0.5473191142082214,71.0,127.0,0.5465706586837769,144.0,168.0,0.641249418258667,48.0,167.0,0.656215250492096,155.0,219.0,0.6285579204559326,20.0,216.0,0.6478524804115295,82.0,13.0,0.5241541266441345,75.0,14.0,0.2965213656425476,75.0,15.0,0.5384590029716492,40.0,32.0,0.2926490306854248,75.0,17.0,0.4125868082046509,45.0,50.0,0.389058917760849,91.0,43.0,0.2491201013326645,36.0,54.0,0.09920482337474823,176.0,44.0,0.23980583250522614,77.0,39.0,0.12119782716035843,76.0,40.0,0.17262879014015198,97.0,116.0,0.40040117502212524,149.0,113.0,0.36887145042419434,72.0,168.0,0.6088761687278748,150.0,174.0,0.544465184211731,35.0,213.0,0.6932443976402283,137.0,227.0,0.6502076387405396
49,592,328,668,404,375,389,491,593,97.0,33.0,0.7287489771842957,105.0,26.0,0.7453887462615967,93.0,26.0,0.7551435232162476,115.0,30.0,0.8079816102981567,85.0,31.0,0.7870731353759766,127.0,54.0,0.6944762468338013,72.0,56.0,0.714974582195282,154.0,85.0,0.5359817147254944,49.0,87.0,0.6604768633842468,179.0,111.0,0.5275743007659912,39.0,117.0,0.6244992017745972,117.0,123.0,0.5326390266418457,69.0,123.0,0.5306228399276733,144.0,168.0,0.6247175335884094,48.0,165.0,0.6309173703193665,157.0,217.0,0.6115997433662415,20.0,216.0,0.6449919939041138,82.0,18.0,0.22508998215198517,33.0,40.0,0.1879725605249405,76.0,18.0,0.3573066294193268,38.0,36.0,0.2614380717277527,76.0,25.0,0.37023255228996277,61.0,56.0,0.34477949142456055,130.0,46.0,0.4311422109603882,40.0,56.0,0.40178242325782776,174.0,28.0,0.6644518375396729,88.0,28.0,0.12782230973243713,112.0,22.0,0.508121907711029,98.0,118.0,0.4460858404636383,149.0,116.0,0.3794002830982208,72.0,170.0,0.6228549480438232,153.0,176.0,0.5629426836967468,40.0,216.0,0.7200937867164612,144.0,228.0,0.6666328310966492
50,592,327,663,405,371,375,494,590,105.0,35.0,0.6903961896896362,110.0,28.0,0.6991400122642517,99.0,28.0,0.7025826573371887,120.0,31.0,0.7557975053787231,91.0,31.0,0.764910876750946,135.0,57.0,0.6662852764129639,75.0,58.0,0.6811168193817139,159.0,81.0,0.3106124699115753,51.0,88.0,0.6306994557380676,186.0,96.0,0.3535722494125366,40.0,118.0,0.6175416111946106,125.0,120.0,0.49501094222068787,75.0,121.0,0.5070350170135498,154.0,164.0,0.6109579801559448,52.0,162.0,0.6513327360153198,168.0,212.0,0.6105045080184937,24.0,212.0,0.65337073802948,74.0,36.0,0.3580273687839508,34.0,60.0,0.2626759111881256,69.0,34.0,0.4021854102611542,38.0,48.0,0.2870415449142456,71.0,40.0,0.4376288950443268,65.0,72.0,0.3969718813896179,122.0,54.0,0.47749027609825134,34.0,78.0,0.3923305869102478,161.0,31.0,0.7562253475189209,30.0,69.0,0.1406051367521286,136.0,14.0,0.6364883780479431,94.0,124.0,0.4490971565246582,140.0,120.0,0.4132554531097412,72.0,176.0,0.6334642767906189,153.0,181.0,0.5816321969032288,40.0,223.0,0.7474249005317688,147.0,229.0,0.6760184168815613
51,592,326,663,405,364,359,496,589,105.0,35.0,0.7251232862472534,111.0,28.0,0.6749666333198547,99.0,28.0,0.6812237501144409,121.0,33.0,0.6841725707054138,89.0,31.0,0.7222460508346558,132.0,58.0,0.5487545132637024,71.0,58.0,0.6169542670249939,143.0,83.0,0.26240241527557373,50.0,88.0,0.6228564977645874,140.0,108.0,0.16085216403007507,40.0,118.0,0.5730199217796326,125.0,116.0,0.5026004314422607,73.0,119.0,0.5162603259086609,154.0,159.0,0.6038389801979065,52.0,159.0,0.6426632404327393,169.0,209.0,0.5868629813194275,24.0,212.0,0.6365640759468079,74.0,46.0,0.4696812331676483,67.0,50.0,0.36102375388145447,68.0,48.0,0.5501031875610352,48.0,64.0,0.35557159781455994,68.0,55.0,0.6744382977485657,57.0,82.0,0.4208427667617798,116.0,64.0,0.45917022228240967,36.0,96.0,0.4778551757335663,157.0,39.0,0.8009983897209167,36.0,86.0,0.18298953771591187,154.0,16.0,0.6928595304489136,95.0,132.0,0.48591694235801697,136.0,127.0,0.47020599246025085,74.0,184.0,0.6599446535110474,155.0,185.0,0.5758128762245178,44.0,228.0,0.7622666358947754,155.0,232.0,0.7234548330307007
52,592,325,664,403,362,341,501,590,101.0,35.0,0.7080745100975037,109.0,28.0,0.6618489027023315,96.0,28.0,0.6512525081634521,118.0,32.0,0.7153037786483765,87.0,31.0,0.7307073473930359,131.0,53.0,0.5408912301063538,71.0,57.0,0.6125260591506958,148.0,76.0,0.26817747950553894,49.0,88.0,0.5831785798072815,144.0,108.0,0.1405240297317505,39.0,119.0,0.6355614066123962,122.0,116.0,0.5007261633872986,71.0,119.0,0.5109660029411316,154.0,160.0,0.6072905659675598,47.0,165.0,0.6093763113021851,168.0,212.0,0.5658653378486633,23.0,215.0,0.5803289413452148,66.0,62.0,0.3310224711894989,63.0,64.0,0.20302966237068176,64.0,64.0,0.39794784784317017,40.0,80.0,0.3310929238796234,64.0,69.0,0.6080864667892456,52.0,94.0,0.44912561774253845,106.0,74.0,0.5251051187515259,30.0,110.0,0.4856373071670532,145.0,51.0,0.671222448348999,36.0,105.0,0.12431876361370087,158.0,22.0,0.664613664150238,87.0,140.0,0.5399560928344727,131.0,138.0,0.4862928092479706,69.0,190.0,0.6779220104217529,152.0,192.0,0.6162802577018738,44.0,231.0,0.7674110531806946,159.0,232.0,0.7178941369056702
