frame,abb_xmin,abb_ymin,abb_xmax,abb_ymax,bbb_xmin,bbb_ymin,bbb_xmax,bbb_ymax,a_nose_x,a_nose_y,a_nose_confidence,a_left_eye_x,a_left_eye_y,a_left_eye_confidence,a_right_eye_x,a_right_eye_y,a_right_eye_confidence,a_left_ear_x,a_left_ear_y,a_left_ear_confidence,a_right_ear_x,a_right_ear_y,a_right_ear_confidence,a_left_shoulder_x,a_left_shoulder_y,a_left_shoulder_confidence,a_right_shoulder_x,a_right_shoulder_y,a_right_shoulder_confidence,a_left_elbow_x,a_left_elbow_y,a_left_elbow_confidence,a_right_elbow_x,a_right_elbow_y,a_right_elbow_confidence,a_left_wrist_x,a_left_wrist_y,a_left_wrist_confidence,a_right_wrist_x,a_right_wrist_y,a_right_wrist_confidence,a_left_hip_x,a_left_hip_y,a_left_hip_confidence,a_right_hip_x,a_right_hip_y,a_right_hip_confidence,a_left_knee_x,a_left_knee_y,a_left_knee_confidence,a_right_knee_x,a_right_knee_y,a_right_knee_confidence,a_left_ankle_x,a_left_ankle_y,a_left_ankle_confidence,a_right_ankle_x,a_right_ankle_y,a_right_ankle_confidence,b_nose_x,b_nose_y,b_nose_confidence,b_left_eye_x,b_left_eye_y,b_left_eye_confidence,b_right_eye_x,b_right_eye_y,b_right_eye_confidence,b_left_ear_x,b_left_ear_y,b_left_ear_confidence,b_right_ear_x,b_right_ear_y,b_right_ear_confidence,b_left_shoulder_x,b_left_shoulder_y,b_left_shoulder_confidence,b_right_shoulder_x,b_right_shoulder_y,b_right_shoulder_confidence,b_left_elbow_x,b_left_elbow_y,b_left_elbow_confidence,b_right_elbow_x,b_right_elbow_y,b_right_elbow_confidence,b_left_wrist_x,b_left_wrist_y,b_left_wrist_confidence,b_right_wrist_x,b_right_wrist_y,b_right_wrist_confidence,b_left_hip_x,b_left_hip_y,b_left_hip_confidence,b_right_hip_x,b_right_hip_y,b_right_hip_confidence,b_left_knee_x,b_left_knee_y,b_left_knee_confidence,b_right_knee_x,b_right_knee_y,b_right_knee_confidence,b_left_ankle_x,b_left_ankle_y,b_left_ankle_confidence,b_right_ankle_x,b_right_ankle_y,b_right_ankle_confidence
0,708,349,800,414,591,379,702,567,161.0,40.0,0.767002522945404,165.0,32.0,0.7698071002960205,155.0,32.0,0.7374545335769653,132.0,30.0,0.221982941031456,141.0,31.0,0.6854813694953918,132.0,60.0,0.2981155216693878,127.0,65.0,0.4250333607196808,149.0,123.0,0.20935243368148804,145.0,114.0,0.44454774260520935,168.0,155.0,0.14105793833732605,178.0,165.0,0.3391544222831726,68.0,109.0,0.28167569637298584,73.0,111.0,0.3827461302280426,73.0,184.0,0.6016044616699219,120.0,137.0,0.5857948064804077,21.0,180.0,0.6086021065711975,128.0,216.0,0.5780587792396545,129.0,23.0,0.1794452965259552,81.0,21.0,0.2154041826725006,129.0,20.0,0.32371053099632263,87.0,23.0,0.5931633710861206,126.0,24.0,0.7213606834411621,59.0,54.0,0.5750624537467957,155.0,57.0,0.5980352759361267,15.0,87.0,0.7689223885536194,177.0,92.0,0.6227735877037048,51.0,99.0,0.5681845545768738,179.0,119.0,0.6881697773933411,71.0,128.0,0.40715137124061584,128.0,128.0,0.45692455768585205,55.0,177.0,0.657086193561554,119.0,172.0,0.6636839509010315,54.0,232.0,0.6969397664070129,109.0,221.0,0.6980475783348083
1,708,350,798,414,595,378,711,566,171.0,41.0,0.7156769037246704,173.0,32.0,0.7251022458076477,165.0,30.0,0.6829184293746948,140.0,30.0,0.247602179646492,149.0,31.0,0.5936034917831421,132.0,56.0,0.28955021500587463,130.0,62.0,0.42893531918525696,151.0,121.0,0.2166939079761505,148.0,114.0,0.536752462387085,168.0,155.0,0.19833162426948547,173.0,157.0,0.39362481236457825,72.0,105.0,0.28463324904441833,80.0,104.0,0.3692813217639923,75.0,183.0,0.6014549136161804,124.0,137.0,0.5811987519264221,21.0,179.0,0.5764791369438171,131.0,217.0,0.5827738642692566,124.0,24.0,0.20305687189102173,77.0,21.0,0.19906118512153625,123.0,23.0,0.34219101071357727,81.0,25.0,0.6048848032951355,118.0,24.0,0.7334060072898865,52.0,54.0,0.5850430727005005,147.0,59.0,0.6326918005943298,14.0,90.0,0.7606037259101868,169.0,92.0,0.6267601847648621,47.0,100.0,0.5703879594802856,179.0,119.0,0.731424868106842,66.0,128.0,0.4342726171016693,120.0,128.0,0.47177988290786743,48.0,176.0,0.6383410096168518,119.0,170.0,0.6180933713912964,46.0,232.0,0.695709764957428,108.0,216.0,0.6697238683700562
2,708,349,798,414,600,379,715,565,173.0,45.0,0.7587280869483948,175.0,38.0,0.7367433309555054,165.0,36.0,0.7175453305244446,144.0,39.0,0.2144363671541214,149.0,35.0,0.6642991304397583,132.0,60.0,0.28801167011260986,130.0,66.0,0.4422338008880615,151.0,125.0,0.14666174352169037,146.0,116.0,0.5445564389228821,168.0,159.0,0.13632763922214508,168.0,158.0,0.4878339469432831,77.0,105.0,0.26795852184295654,80.0,104.0,0.38464200496673584,76.0,182.0,0.6139978766441345,122.0,137.0,0.5792511701583862,22.0,179.0,0.5874639749526978,131.0,217.0,0.5811735391616821,120.0,28.0,0.16084830462932587,73.0,21.0,0.2018526941537857,119.0,23.0,0.2961106300354004,77.0,25.0,0.6221280694007874,114.0,26.0,0.7448550462722778,48.0,56.0,0.5736793875694275,145.0,59.0,0.6452175378799438,11.0,91.0,0.8029540777206421,167.0,92.0,0.6542251110076904,43.0,103.0,0.5773292183876038,181.0,117.0,0.7360482215881348,63.0,128.0,0.42144063115119934,118.0,127.0,0.47018760442733765,43.0,177.0,0.6671604514122009,121.0,169.0,0.6417136788368225,38.0,232.0,0.7030407786369324,116.0,216.0,0.7031295299530029
3,709,349,796,414,604,381,724,567,177.0,42.0,0.6868166923522949,179.0,34.0,0.7247599363327026,171.0,32.0,0.6947115659713745,184.0,38.0,0.21369406580924988,151.0,32.0,0.6720040440559387,144.0,64.0,0.26965832710266113,134.0,62.0,0.433307945728302,144.0,104.0,0.19004538655281067,145.0,112.0,0.5808508396148682,164.0,152.0,0.15529033541679382,164.0,154.0,0.6083121299743652,78.0,101.0,0.25963208079338074,80.0,100.0,0.3762047588825226,77.0,180.0,0.6048864722251892,128.0,138.0,0.6280635595321655,22.0,176.0,0.582643985748291,132.0,216.0,0.5663875937461853,112.0,28.0,0.18902023136615753,73.0,25.0,0.2176886796951294,111.0,23.0,0.346908301115036,75.0,25.0,0.6495559811592102,109.0,27.0,0.7849071621894836,44.0,56.0,0.6428248286247253,137.0,59.0,0.6885366439819336,11.0,91.0,0.8251962065696716,161.0,92.0,0.6986494064331055,38.0,104.0,0.5662193894386292,177.0,116.0,0.7587769031524658,58.0,128.0,0.4650045335292816,112.0,126.0,0.5044428706169128,36.0,176.0,0.670288622379303,121.0,165.0,0.651759147644043,32.0,232.0,0.7134702205657959,121.0,213.0,0.6873669624328613
4,709,349,794,414,607,384,728,569,177.0,36.0,0.6701157093048096,181.0,29.0,0.7132046222686768,171.0,26.0,0.6681025624275208,184.0,35.0,0.2695397734642029,153.0,27.0,0.6809042692184448,148.0,60.0,0.2945481240749359,137.0,58.0,0.43738532066345215,147.0,100.0,0.24723553657531738,145.0,108.0,0.5232232213020325,160.0,150.0,0.14735093712806702,161.0,151.0,0.5160254836082458,81.0,100.0,0.241160050034523,81.0,99.0,0.381206214427948,80.0,174.0,0.5271093249320984,134.0,138.0,0.5528878569602966,25.0,175.0,0.5851254463195801,136.0,216.0,0.5667623281478882,112.0,28.0,0.21843285858631134,73.0,25.0,0.21808452904224396,111.0,24.0,0.36899715662002563,77.0,25.0,0.6662077903747559,111.0,27.0,0.8056025505065918,44.0,54.0,0.6540860533714294,135.0,57.0,0.6335539817810059,11.0,89.0,0.8153160214424133,163.0,91.0,0.7085720300674438,40.0,100.0,0.5589905381202698,179.0,115.0,0.771923840045929,57.0,127.0,0.4504718482494354,110.0,124.0,0.4975365102291107,36.0,172.0,0.6809549331665039,129.0,161.0,0.6438600420951843,28.0,232.0,0.7232639193534851,135.0,207.0,0.7367595434188843
5,710,349,793,414,607,388,733,570,177.0,30.0,0.6626249551773071,181.0,22.0,0.7299372553825378,169.0,22.0,0.6541001200675964,184.0,27.0,0.29249268770217896,151.0,20.0,0.6530366539955139,150.0,54.0,0.3024008572101593,137.0,52.0,0.45444563031196594,141.0,95.0,0.22405089437961578,142.0,103.0,0.5436481237411499,148.0,144.0,0.1482105255126953,153.0,145.0,0.51658695936203,85.0,101.0,0.2331157773733139,81.0,99.0,0.3668367564678192,83.0,169.0,0.579582154750824,137.0,140.0,0.4687334895133972,24.0,172.0,0.6083055138587952,136.0,216.0,0.5628987550735474,116.0,28.0,0.18242058157920837,80.0,20.0,0.28056344389915466,115.0,23.0,0.35167261958122253,83.0,23.0,0.6693823933601379,113.0,25.0,0.8097630143165588,51.0,50.0,0.6623944640159607,131.0,55.0,0.6198000311851501,12.0,84.0,0.8026934862136841,160.0,88.0,0.7312058210372925,41.0,99.0,0.6060923337936401,181.0,113.0,0.7663154006004333,55.0,128.0,0.49348974227905273,106.0,124.0,0.5041515231132507,39.0,173.0,0.6770655512809753,135.0,156.0,0.67234867811203,28.0,232.0,0.7225197553634644,148.0,204.0,0.7169021964073181
6,709,349,792,414,608,390,737,569,181.0,25.0,0.6153146028518677,182.0,16.0,0.6700662970542908,173.0,16.0,0.5702117085456848,183.0,24.0,0.22526775300502777,155.0,15.0,0.5804760456085205,154.0,50.0,0.3020947277545929,138.0,46.0,0.4185711443424225,140.0,88.0,0.2814386188983917,140.0,95.0,0.5168880224227905,144.0,136.0,0.1419864296913147,146.0,136.0,0.5138457417488098,89.0,97.0,0.24485790729522705,85.0,95.0,0.36349570751190186,87.0,167.0,0.6036675572395325,140.0,142.0,0.4967883229255676,27.0,169.0,0.6179518699645996,140.0,216.0,0.5545842051506042,87.0,27.0,0.2480006366968155,85.0,22.0,0.364594429731369,119.0,26.0,0.3931705355644226,87.0,25.0,0.7262614369392395,116.0,26.0,0.8334032297134399,55.0,49.0,0.6851984262466431,135.0,57.0,0.645731508731842,15.0,82.0,0.8316914439201355,160.0,91.0,0.7386379241943359,41.0,99.0,0.6469787955284119,179.0,113.0,0.770595908164978,56.0,127.0,0.5032133460044861,107.0,123.0,0.4904039204120636,40.0,172.0,0.6779955625534058,139.0,154.0,0.6933431029319763,27.0,231.0,0.7014086842536926,155.0,200.0,0.7199157476425171
7,710,343,791,414,610,390,738,565,182.0,39.0,0.513264000415802,183.0,34.0,0.41726624965667725,177.0,28.0,0.41773974895477295,183.0,40.0,0.12436633557081223,158.0,30.0,0.40850260853767395,153.0,59.0,0.23553231358528137,142.0,54.0,0.31821224093437195,136.0,96.0,0.24224445223808289,133.0,101.0,0.4877193868160248,140.0,152.0,0.11350209265947342,141.0,151.0,0.4611128568649292,81.0,102.0,0.2193954885005951,89.0,103.0,0.3030243515968323,91.0,172.0,0.5395040512084961,139.0,151.0,0.2941494584083557,28.0,175.0,0.563967227935791,140.0,220.0,0.518934428691864,128.0,28.0,0.3303539454936981,131.0,20.0,0.21736499667167664,127.0,26.0,0.5317049026489258,94.0,24.0,0.6955662369728088,124.0,26.0,0.8255139589309692,60.0,50.0,0.679625928401947,143.0,59.0,0.6779096126556396,19.0,81.0,0.8352267146110535,164.0,92.0,0.7466248869895935,41.0,104.0,0.6619212031364441,181.0,117.0,0.7768848538398743,62.0,124.0,0.49093541502952576,111.0,123.0,0.4684748351573944,44.0,174.0,0.668686032295227,145.0,157.0,0.6929912567138672,24.0,231.0,0.6913817524909973,159.0,204.0,0.7060771584510803
8,713,339,789,414,610,388,739,564,173.0,41.0,0.494828462600708,175.0,32.0,0.5232144594192505,165.0,32.0,0.4517163038253784,144.0,26.0,0.20062625408172607,152.0,35.0,0.4899488687515259,149.0,63.0,0.2140994817018509,136.0,62.0,0.33551090955734253,129.0,99.0,0.1994355171918869,129.0,101.0,0.3887350261211395,124.0,132.0,0.09271743148565292,128.0,136.0,0.291669636964798,76.0,109.0,0.22009259462356567,81.0,111.0,0.3275703191757202,93.0,174.0,0.5053385496139526,137.0,153.0,0.4004855751991272,24.0,180.0,0.5327956676483154,143.0,219.0,0.5426293611526489,136.0,28.0,0.2951834499835968,100.0,24.0,0.1993202120065689,135.0,27.0,0.5239627361297607,105.0,25.0,0.6640803217887878,134.0,28.0,0.8286190629005432,70.0,50.0,0.6389009356498718,151.0,61.0,0.7150416970252991,28.0,80.0,0.7986904978752136,171.0,95.0,0.7256178259849548,36.0,111.0,0.7271022200584412,182.0,116.0,0.8008440732955933,73.0,124.0,0.5069159269332886,119.0,123.0,0.499228835105896,50.0,174.0,0.6850946545600891,151.0,159.0,0.6921029686927795,30.0,227.0,0.7074791789054871,159.0,208.0,0.7506067156791687
9,716,336,789,414,611,387,740,562,173.0,45.0,0.48196810483932495,173.0,36.0,0.5258153676986694,165.0,36.0,0.47188523411750793,140.0,34.0,0.2138599157333374,144.0,39.0,0.5264281034469604,136.0,72.0,0.21585412323474884,122.0,70.0,0.3300401270389557,125.0,103.0,0.17688201367855072,116.0,100.0,0.3480399549007416,128.0,140.0,0.18397016823291779,110.0,142.0,0.40460383892059326,72.0,113.0,0.2263948917388916,73.0,113.0,0.3615114390850067,87.0,176.0,0.4578610956668854,132.0,154.0,0.32804036140441895,18.0,184.0,0.5180200934410095,141.0,221.0,0.4485662579536438,149.0,28.0,0.37159112095832825,149.0,24.0,0.28070583939552307,147.0,24.0,0.5612748265266418,113.0,25.0,0.6615769863128662,142.0,28.0,0.8279672861099243,80.0,50.0,0.63001549243927,159.0,61.0,0.7041699886322021,36.0,78.0,0.8005651235580444,175.0,95.0,0.672421395778656,31.0,111.0,0.792957067489624,182.0,116.0,0.7770680785179138,79.0,124.0,0.5231653451919556,127.0,123.0,0.5006515979766846,58.0,172.0,0.7144221067428589,155.0,160.0,0.7004938721656799,38.0,216.0,0.7095980644226074,159.0,211.0,0.7306226491928101
10,718,333,785,414,618,385,743,554,175.0,45.0,0.5341923832893372,179.0,36.0,0.6445409655570984,169.0,36.0,0.5721729397773743,144.0,37.0,0.1515989899635315,146.0,36.0,0.4762725234031677,132.0,72.0,0.18780916929244995,125.0,70.0,0.3578248620033264,121.0,103.0,0.17404095828533173,109.0,103.0,0.39439961314201355,128.0,128.0,0.23232299089431763,102.0,146.0,0.483604371547699,73.0,117.0,0.1995873898267746,69.0,115.0,0.3427058458328247,88.0,176.0,0.20818930864334106,96.0,172.0,0.20783938467502594,19.0,188.0,0.354205846786499,147.0,225.0,0.3386593759059906,149.0,31.0,0.4075978100299835,149.0,24.0,0.29349857568740845,147.0,27.0,0.6003872156143188,113.0,27.0,0.6980041265487671,143.0,29.0,0.8214766383171082,79.0,53.0,0.6121619939804077,163.0,65.0,0.6993892788887024,32.0,82.0,0.7863398790359497,176.0,100.0,0.6171283721923828,20.0,115.0,0.7824310660362244,179.0,117.0,0.717847466468811,80.0,131.0,0.519281268119812,128.0,128.0,0.4958481192588806,60.0,176.0,0.7300812602043152,153.0,169.0,0.6876339316368103,40.0,216.0,0.6761071681976318,152.0,220.0,0.7398541569709778
11,719,331,784,414,621,383,744,550,169.0,45.0,0.40018320083618164,171.0,34.0,0.4715912938117981,163.0,34.0,0.38679516315460205,148.0,33.0,0.15930339694023132,144.0,34.0,0.4262562394142151,124.0,72.0,0.19508463144302368,114.0,70.0,0.34920942783355713,117.0,107.0,0.17708998918533325,94.0,109.0,0.4321315586566925,127.0,130.0,0.2852041721343994,86.0,148.0,0.5412662625312805,61.0,120.0,0.16384850442409515,61.0,119.0,0.3654019236564636,91.0,179.0,0.3702815771102905,134.0,159.0,0.5326409935951233,16.0,188.0,0.5067631006240845,147.0,223.0,0.5034966468811035,153.0,31.0,0.3000096082687378,113.0,25.0,0.2389068454504013,151.0,27.0,0.49785131216049194,115.0,25.0,0.6825894117355347,147.0,29.0,0.7974230051040649,80.0,52.0,0.6127709746360779,163.0,65.0,0.6847912073135376,34.0,82.0,0.7725124955177307,178.0,96.0,0.5394354462623596,18.0,115.0,0.7701998949050903,175.0,117.0,0.653057336807251,82.0,132.0,0.531645655632019,131.0,132.0,0.5120930671691895,65.0,177.0,0.694697916507721,152.0,174.0,0.6671649217605591,48.0,216.0,0.6294822692871094,151.0,224.0,0.7135486602783203
12,718,329,784,413,623,381,744,546,161.0,37.0,0.4471718668937683,161.0,28.0,0.5315051674842834,151.0,26.0,0.4228145480155945,164.0,31.0,0.27242887020111084,130.0,32.0,0.507418692111969,128.0,67.0,0.2001294195652008,106.0,70.0,0.30167707800865173,113.0,103.0,0.20712533593177795,84.0,103.0,0.4900297522544861,116.0,136.0,0.21921974420547485,73.0,148.0,0.5368843674659729,59.0,122.0,0.16300000250339508,56.0,121.0,0.32852137088775635,88.0,174.0,0.32809188961982727,121.0,160.0,0.5070668458938599,22.0,192.0,0.4733714461326599,145.0,225.0,0.47637060284614563,153.0,27.0,0.16362714767456055,117.0,21.0,0.23980338871479034,151.0,26.0,0.35888367891311646,118.0,22.0,0.6771280765533447,149.0,27.0,0.779348611831665,84.0,50.0,0.64797043800354,169.0,63.0,0.7031733989715576,36.0,78.0,0.7855473160743713,175.0,115.0,0.43837010860443115,20.0,111.0,0.7867750525474548,170.0,114.0,0.3831307590007782,86.0,128.0,0.5258733630180359,135.0,132.0,0.5112313032150269,73.0,175.0,0.675284206867218,153.0,177.0,0.658623218536377,62.0,216.0,0.6300995349884033,148.0,232.0,0.697982668876648
13,718,325,784,412,629,374,741,544,153.0,41.0,0.4010865390300751,154.0,32.0,0.4871189594268799,147.0,30.0,0.3966922163963318,160.0,37.0,0.2529032230377197,120.0,34.0,0.4685668349266052,121.0,73.0,0.20900215208530426,97.0,67.0,0.34270569682121277,120.0,108.0,0.18597294390201569,69.0,109.0,0.43398240208625793,126.0,138.0,0.27747443318367004,59.0,149.0,0.4067041873931885,81.0,145.0,0.16882269084453583,49.0,130.0,0.21576008200645447,84.0,174.0,0.21497789025306702,110.0,165.0,0.5527452230453491,17.0,198.0,0.35016337037086487,137.0,225.0,0.46184223890304565,157.0,31.0,0.1966603547334671,121.0,25.0,0.2149869203567505,153.0,31.0,0.4180259704589844,122.0,26.0,0.6621418595314026,152.0,31.0,0.7535032033920288,84.0,50.0,0.612385094165802,175.0,65.0,0.7428741455078125,35.0,79.0,0.7695762515068054,175.0,113.0,0.6552758812904358,19.0,111.0,0.7782585024833679,154.0,112.0,0.1678810864686966,89.0,131.0,0.5023210644721985,139.0,132.0,0.5238098502159119,78.0,172.0,0.6443392038345337,153.0,177.0,0.6454555988311768,75.0,213.0,0.6940576434135437,151.0,231.0,0.7148674130439758
14,718,323,780,411,635,370,740,542,153.0,41.0,0.3251337707042694,154.0,32.0,0.4052063524723053,147.0,30.0,0.33811265230178833,156.0,39.0,0.2259756624698639,120.0,33.0,0.46869519352912903,138.0,68.0,0.21763406693935394,91.0,66.0,0.35255593061447144,133.0,101.0,0.2931468188762665,64.0,104.0,0.44167593121528625,141.0,136.0,0.42812469601631165,53.0,143.0,0.46706923842430115,81.0,141.0,0.19969847798347473,44.0,132.0,0.18882980942726135,107.0,164.0,0.23111492395401,104.0,166.0,0.43191665410995483,139.0,228.0,0.19698502123355865,139.0,229.0,0.34311679005622864,117.0,18.0,0.1353248804807663,117.0,21.0,0.1957557648420334,159.0,29.0,0.33719587326049805,121.0,25.0,0.6156812310218811,156.0,28.0,0.6658631563186646,82.0,50.0,0.5786752700805664,175.0,65.0,0.6984611749649048,35.0,75.0,0.7397120594978333,175.0,105.0,0.41159507632255554,15.0,107.0,0.7601151466369629,151.0,113.0,0.13822877407073975,93.0,128.0,0.5025923252105713,143.0,133.0,0.5074306726455688,83.0,169.0,0.7295095324516296,152.0,176.0,0.6725965142250061,92.0,212.0,0.7163068652153015,156.0,228.0,0.7088677287101746
15,721,321,775,411,640,367,740,540,157.0,41.0,0.3671376705169678,159.0,34.0,0.3968869745731354,147.0,30.0,0.33061182498931885,156.0,41.0,0.21317899227142334,116.0,33.0,0.4463356137275696,138.0,72.0,0.21100591123104095,84.0,68.0,0.3365253806114197,144.0,104.0,0.18848833441734314,52.0,107.0,0.40500691533088684,150.0,145.0,0.2395293414592743,38.0,148.0,0.3526211380958557,73.0,141.0,0.17161348462104797,15.0,143.0,0.14197932183742523,101.0,163.0,0.32261213660240173,99.0,164.0,0.4018464982509613,140.0,231.0,0.2954336702823639,140.0,231.0,0.3345588147640228,117.0,22.0,0.1403675675392151,117.0,21.0,0.24408669769763947,157.0,28.0,0.24746301770210266,121.0,25.0,0.6350786685943604,155.0,29.0,0.6459442377090454,79.0,50.0,0.529468297958374,175.0,63.0,0.677570104598999,32.0,76.0,0.7161815762519836,168.0,99.0,0.3064354658126831,15.0,105.0,0.7534930109977722,148.0,112.0,0.11363054811954498,93.0,128.0,0.46493881940841675,145.0,129.0,0.481911838054657,86.0,168.0,0.709018886089325,153.0,173.0,0.660767674446106,104.0,212.0,0.7192112803459167,159.0,224.0,0.662041962146759
16,721,320,769,411,644,365,741,533,160.0,54.0,0.1641077697277069,162.0,52.0,0.278408408164978,151.0,48.0,0.22781400382518768,168.0,49.0,0.11110580712556839,120.0,33.0,0.28709352016448975,146.0,84.0,0.14156487584114075,74.0,72.0,0.17838729918003082,168.0,140.0,0.22379806637763977,37.0,139.0,0.2340567708015442,162.0,116.0,0.127787247300148,37.0,135.0,0.16416719555854797,82.0,144.0,0.12021277844905853,49.0,137.0,0.08183541148900986,105.0,163.0,0.20889633893966675,103.0,164.0,0.29947972297668457,140.0,227.0,0.2713070809841156,140.0,228.0,0.32710573077201843,113.0,18.0,0.10978849232196808,116.0,24.0,0.21597392857074738,155.0,27.0,0.2088879644870758,118.0,24.0,0.6420498490333557,150.0,28.0,0.5959196090698242,79.0,50.0,0.5026863217353821,175.0,65.0,0.6598886847496033,30.0,80.0,0.7131277322769165,171.0,101.0,0.3196752071380615,11.0,109.0,0.7546789646148682,152.0,113.0,0.11337988078594208,95.0,131.0,0.43513691425323486,149.0,133.0,0.4553942382335663,92.0,172.0,0.6803670525550842,155.0,176.0,0.6632925868034363,118.0,219.0,0.686780571937561,161.0,221.0,0.6421589851379395
17,720,318,766,411,647,363,743,526,177.0,135.0,0.101152203977108,162.0,56.0,0.2468627244234085,143.0,48.0,0.19185377657413483,171.0,48.0,0.14296108484268188,116.0,34.0,0.3325352072715759,155.0,80.0,0.15967127680778503,78.0,68.0,0.23702682554721832,172.0,137.0,0.24882853031158447,32.0,128.0,0.28548333048820496,170.0,122.0,0.18130359053611755,35.0,122.0,0.07495737075805664,84.0,141.0,0.11650697141885757,49.0,133.0,0.08593279868364334,105.0,163.0,0.16842062771320343,102.0,164.0,0.29753851890563965,128.0,225.0,0.2283855825662613,127.0,225.0,0.3007408678531647,109.0,22.0,0.10145459324121475,112.0,24.0,0.2249649167060852,155.0,28.0,0.15742498636245728,114.0,26.0,0.6397106051445007,147.0,31.0,0.5996919274330139,75.0,54.0,0.49274569749832153,173.0,67.0,0.6575960516929626,31.0,85.0,0.7100750803947449,172.0,103.0,0.3087475597858429,12.0,113.0,0.7562330961227417,152.0,118.0,0.08506829291582108,97.0,136.0,0.4331481158733368,150.0,137.0,0.42325639724731445,100.0,179.0,0.6493574380874634,149.0,178.0,0.6323140263557434,130.0,224.0,0.6511586308479309,161.0,216.0,0.6380273699760437
18,720,317,766,407,649,362,749,521,94.0,114.0,0.07451772689819336,157.0,59.0,0.2921195924282074,152.0,57.0,0.12596361339092255,168.0,57.0,0.06115030497312546,102.0,36.0,0.14908093214035034,146.0,106.0,0.05836876481771469,64.0,87.0,0.041096560657024384,173.0,146.0,0.08381880074739456,24.0,132.0,0.12449058890342712,161.0,115.0,0.039865512400865555,64.0,174.0,0.03670094534754753,80.0,184.0,0.016923047602176666,39.0,219.0,0.019723419100046158,82.0,176.0,0.0786454975605011,80.0,170.0,0.1429310292005539,106.0,237.0,0.08558971434831619,108.0,240.0,0.08075015246868134,105.0,28.0,0.11490625888109207,104.0,28.0,0.22848114371299744,147.0,29.0,0.16893523931503296,106.0,28.0,0.6670297980308533,143.0,33.0,0.640737771987915,71.0,57.0,0.49994486570358276,164.0,69.0,0.6001535654067993,31.0,89.0,0.7020564675331116,163.0,107.0,0.2538943886756897,11.0,119.0,0.7485897541046143,152.0,129.0,0.08794937282800674,95.0,140.0,0.4155787229537964,147.0,141.0,0.42751362919807434,101.0,183.0,0.5669172406196594,141.0,182.0,0.5984984040260315,141.0,225.0,0.460938960313797,151.0,212.0,0.5997030735015869
19,718,316,766,375,651,362,750,521,128.0,54.0,0.21662838757038116,140.0,42.0,0.24193385243415833,118.0,40.0,0.2769843339920044,156.0,48.0,0.26520299911499023,98.0,48.0,0.4069613516330719,150.0,90.0,0.22229932248592377,66.0,98.0,0.27741798758506775,156.0,148.0,0.18316462635993958,37.0,160.0,0.20067055523395538,168.0,196.0,0.2094748169183731,24.0,204.0,0.2234000563621521,88.0,231.0,0.05905863270163536,58.0,232.0,0.06686923652887344,85.0,255.0,0.09883254766464233,81.0,255.0,0.12404686957597733,85.0,253.0,0.1129373162984848,74.0,248.0,0.13627155125141144,103.0,26.0,0.10946998745203018,102.0,26.0,0.20396989583969116,159.0,24.0,0.2710512578487396,105.0,29.0,0.5449678897857666,142.0,34.0,0.47832217812538147,63.0,60.0,0.4456879496574402,164.0,69.0,0.5952048301696777,32.0,92.0,0.6909140944480896,164.0,100.0,0.19284330308437347,12.0,121.0,0.7332776784896851,168.0,36.0,0.08564446866512299,97.0,142.0,0.40193748474121094,145.0,145.0,0.4275159537792206,102.0,184.0,0.5697630643844604,141.0,185.0,0.4846632778644562,142.0,229.0,0.550459623336792,151.0,206.0,0.47234341502189636
20,718,316,766,379,654,364,750,521,136.0,46.0,0.23500977456569672,141.0,34.0,0.35875093936920166,117.0,34.0,0.29315945506095886,148.0,44.0,0.26562371850013733,92.0,41.0,0.4058435261249542,143.0,83.0,0.25892752408981323,60.0,90.0,0.3227752447128296,152.0,140.0,0.16375169157981873,33.0,147.0,0.33371734619140625,164.0,172.0,0.21832729876041412,19.0,199.0,0.38653454184532166,84.0,215.0,0.08097626268863678,58.0,216.0,0.0909346342086792,78.0,248.0,0.07215672731399536,78.0,248.0,0.16127419471740723,168.0,186.0,0.09183333069086075,16.0,208.0,0.12185219675302505,173.0,27.0,0.4212627708911896,174.0,14.0,0.21679046750068665,169.0,17.0,0.3800741136074066,105.0,25.0,0.5207619667053223,146.0,28.0,0.41508927941322327,67.0,58.0,0.4841423034667969,167.0,70.0,0.6314606666564941,31.0,91.0,0.6947057843208313,160.0,104.0,0.21710041165351868,13.0,123.0,0.715070903301239,134.0,118.0,0.08278104662895203,97.0,142.0,0.4092693328857422,145.0,145.0,0.4512431025505066,101.0,185.0,0.5494869947433472,143.0,183.0,0.4565727114677429,133.0,227.0,0.6069276928901672,151.0,199.0,0.5211421847343445
21,716,315,771,390,656,365,749,520,116.0,42.0,0.2384626865386963,123.0,30.0,0.26009753346443176,98.0,29.0,0.24828775227069855,134.0,39.0,0.2597864270210266,80.0,37.0,0.42236533761024475,130.0,70.0,0.30513426661491394,53.0,79.0,0.3871791958808899,139.0,110.0,0.15447813272476196,32.0,127.0,0.38254669308662415,148.0,144.0,0.24597884714603424,21.0,171.0,0.4270443320274353,84.0,182.0,0.06619144976139069,50.0,180.0,0.09833971410989761,138.0,128.0,0.05266907811164856,72.0,213.0,0.04564514756202698,157.0,169.0,0.06612616032361984,20.0,172.0,0.1348869651556015,169.0,27.0,0.3950839936733246,171.0,19.0,0.2619616389274597,169.0,17.0,0.4005238711833954,106.0,26.0,0.5305755138397217,144.0,30.0,0.43189457058906555,71.0,58.0,0.5177925825119019,167.0,67.0,0.6260856986045837,34.0,92.0,0.6746755838394165,167.0,99.0,0.2380160689353943,15.0,123.0,0.7197281122207642,136.0,121.0,0.1178416833281517,101.0,142.0,0.4201108515262604,145.0,143.0,0.4518340826034546,97.0,185.0,0.6170923113822937,141.0,177.0,0.511128306388855,136.0,227.0,0.6319512724876404,151.0,199.0,0.5902760624885559
22,715,314,767,389,659,366,749,520,116.0,46.0,0.21593809127807617,120.0,32.0,0.23060914874076843,99.0,32.0,0.23934325575828552,136.0,40.0,0.20733074843883514,80.0,41.0,0.35265669226646423,135.0,75.0,0.17513541877269745,54.0,82.0,0.286805123090744,145.0,116.0,0.11397896707057953,32.0,131.0,0.2869667410850525,164.0,156.0,0.1783709079027176,22.0,172.0,0.37671810388565063,123.0,89.0,0.04323241114616394,48.0,183.0,0.034711647778749466,149.0,124.0,0.07639573514461517,88.0,136.0,0.03974580764770508,165.0,161.0,0.31277790665626526,24.0,176.0,0.23546168208122253,165.0,27.0,0.41898617148399353,170.0,16.0,0.2703710198402405,165.0,19.0,0.446993887424469,108.0,22.0,0.47449785470962524,163.0,21.0,0.7249100208282471,71.0,58.0,0.5156567692756653,167.0,67.0,0.5915602445602417,33.0,90.0,0.6624189019203186,166.0,100.0,0.18052129447460175,19.0,124.0,0.6913898587226868,138.0,114.0,0.10459014773368835,98.0,140.0,0.3908972144126892,144.0,140.0,0.3785475492477417,94.0,184.0,0.5695845484733582,139.0,171.0,0.4191608130931854,136.0,227.0,0.624603271484375,147.0,195.0,0.5583523511886597
23,714,313,765,392,663,367,749,519,119.0,44.0,0.21103893220424652,122.0,30.0,0.23932293057441711,102.0,32.0,0.23441798985004425,136.0,40.0,0.23298661410808563,80.0,41.0,0.36956748366355896,137.0,71.0,0.16831699013710022,54.0,82.0,0.31193894147872925,152.0,122.0,0.14826032519340515,32.0,130.0,0.34819161891937256,173.0,167.0,0.18535898625850677,24.0,170.0,0.3972327411174774,98.0,208.0,0.034530337899923325,56.0,191.0,0.05120263248682022,133.0,130.0,0.050511136651039124,92.0,137.0,0.03477802872657776,172.0,169.0,0.14403510093688965,24.0,172.0,0.11968455463647842,161.0,23.0,0.3763200044631958,166.0,16.0,0.18786290287971497,163.0,17.0,0.44158968329429626,104.0,20.0,0.5000923871994019,159.0,23.0,0.7067256569862366,67.0,56.0,0.493243008852005,167.0,67.0,0.5966902375221252,30.0,90.0,0.6864345669746399,168.0,104.0,0.20734909176826477,19.0,121.0,0.7190431952476501,140.0,120.0,0.09902923554182053,99.0,135.0,0.3545588552951813,151.0,131.0,0.34497126936912537,91.0,184.0,0.5574941635131836,134.0,156.0,0.33570197224617004,132.0,227.0,0.620968222618103,137.0,191.0,0.6055338382720947
24,713,313,765,387,667,366,750,519,112.0,46.0,0.267250657081604,116.0,34.0,0.3185212016105652,102.0,36.0,0.2934195399284363,132.0,40.0,0.33646759390830994,80.0,41.0,0.4042699337005615,134.0,74.0,0.3045547902584076,53.0,84.0,0.37835946679115295,145.0,121.0,0.2573048174381256,33.0,134.0,0.40449512004852295,164.0,156.0,0.39903298020362854,24.0,178.0,0.42386025190353394,78.0,212.0,0.06895942986011505,42.0,205.0,0.06938828527927399,93.0,154.0,0.04412684962153435,88.0,144.0,0.04043269529938698,76.0,241.0,0.09787143766880035,24.0,184.0,0.13175256550312042,156.0,28.0,0.41476985812187195,162.0,16.0,0.15296688675880432,159.0,21.0,0.45719873905181885,104.0,20.0,0.5280064940452576,155.0,25.0,0.6561306715011597,63.0,58.0,0.45640963315963745,165.0,67.0,0.5805153846740723,26.0,88.0,0.6503782272338867,170.0,104.0,0.21452763676643372,17.0,121.0,0.7044826745986938,148.0,110.0,0.08971552550792694,94.0,132.0,0.3324066996574402,153.0,129.0,0.32613617181777954,87.0,182.0,0.5791236162185669,134.0,152.0,0.3423527777194977,128.0,226.0,0.625584602355957,129.0,188.0,0.5876213908195496
25,711,313,764,390,671,367,750,519,112.0,46.0,0.2034236639738083,120.0,32.0,0.23458638787269592,102.0,36.0,0.23504655063152313,136.0,40.0,0.24250786006450653,80.0,41.0,0.34883061051368713,137.0,69.0,0.20567120611667633,59.0,80.0,0.3132479786872864,148.0,114.0,0.1730358898639679,35.0,129.0,0.352997362613678,164.0,148.0,0.33195459842681885,27.0,175.0,0.41994404792785645,73.0,218.0,0.036142800003290176,39.0,213.0,0.04659633710980415,130.0,124.0,0.04532630369067192,17.0,202.0,0.07600517570972443,26.0,177.0,0.04756838083267212,28.0,176.0,0.1446864753961563,106.0,1.0,0.2316613793373108,111.0,0.0,0.28191033005714417,159.0,19.0,0.32658472657203674,100.0,18.0,0.5399966239929199,155.0,23.0,0.5902065634727478,62.0,54.0,0.4282107353210449,165.0,65.0,0.5861054062843323,24.0,86.0,0.6501849293708801,174.0,108.0,0.26523491740226746,15.0,118.0,0.7015308141708374,179.0,133.0,0.07700496912002563,90.0,130.0,0.323361873626709,149.0,125.0,0.30941230058670044,80.0,180.0,0.590182900428772,134.0,152.0,0.3582805097103119,124.0,224.0,0.6032226085662842,121.0,182.0,0.44732168316841125
26,711,313,763,395,673,366,750,519,116.0,42.0,0.16576848924160004,124.0,32.0,0.18282626569271088,99.0,44.0,0.18334122002124786,138.0,36.0,0.1655532270669937,78.0,40.0,0.2975194752216339,138.0,67.0,0.1597486138343811,53.0,77.0,0.21989580988883972,149.0,105.0,0.09393493086099625,32.0,115.0,0.1859668642282486,160.0,136.0,0.2553962171077728,24.0,158.0,0.3118779957294464,83.0,210.0,0.06758560985326767,40.0,209.0,0.06675848364830017,130.0,132.0,0.034762296825647354,84.0,133.0,0.04980684444308281,22.0,165.0,0.0661947950720787,20.0,168.0,0.16039186716079712,106.0,1.0,0.20941178500652313,107.0,0.0,0.2564777135848999,161.0,20.0,0.2238200157880783,102.0,20.0,0.5439021587371826,159.0,25.0,0.5433937311172485,67.0,56.0,0.4495323598384857,166.0,68.0,0.5904884934425354,29.0,87.0,0.6575936675071716,176.0,112.0,0.2504722476005554,19.0,118.0,0.6732137799263,175.0,137.0,0.1162392869591713,90.0,126.0,0.26490968465805054,149.0,125.0,0.2813147008419037,73.0,174.0,0.5883926749229431,134.0,152.0,0.22350938618183136,118.0,221.0,0.5816539525985718,119.0,176.0,0.4158506989479065
27,709,312,759,392,676,364,749,518,120.0,46.0,0.2187722623348236,131.0,34.0,0.2541671395301819,110.0,32.0,0.2397807240486145,144.0,40.0,0.21621260046958923,90.0,40.0,0.39172497391700745,146.0,70.0,0.2592962086200714,57.0,83.0,0.33780455589294434,156.0,112.0,0.22745323181152344,36.0,127.0,0.37308990955352783,168.0,144.0,0.3658495545387268,26.0,168.0,0.3819490075111389,95.0,210.0,0.1232491210103035,48.0,205.0,0.10525593161582947,109.0,134.0,0.05108889192342758,34.0,255.0,0.048352401703596115,78.0,255.0,0.10272500663995743,28.0,176.0,0.13859710097312927,98.0,4.0,0.5002551078796387,107.0,0.0,0.42084160447120667,101.0,0.0,0.2543947398662567,104.0,20.0,0.3792148232460022,157.0,31.0,0.3440748155117035,67.0,60.0,0.41118475794792175,164.0,70.0,0.47661808133125305,33.0,87.0,0.5759477019309998,172.0,96.0,0.14997822046279907,19.0,118.0,0.6467874050140381,148.0,94.0,0.05985967069864273,90.0,128.0,0.22232092916965485,157.0,125.0,0.2662857472896576,65.0,176.0,0.5380122661590576,133.0,159.0,0.13339662551879883,110.0,221.0,0.5680040717124939,116.0,176.0,0.35626012086868286
28,709,313,756,389,678,367,748,516,122.0,44.0,0.2701653838157654,139.0,30.0,0.2922823131084442,114.0,32.0,0.2756798267364502,148.0,36.0,0.25894594192504883,91.0,37.0,0.43328559398651123,153.0,72.0,0.3516632318496704,57.0,83.0,0.3945818543434143,156.0,116.0,0.2094217836856842,29.0,134.0,0.45141324400901794,170.0,150.0,0.36710530519485474,21.0,181.0,0.3992445170879364,103.0,198.0,0.14650492370128632,54.0,204.0,0.14179426431655884,94.0,254.0,0.05152862146496773,50.0,255.0,0.06316239386796951,94.0,255.0,0.10945317149162292,16.0,192.0,0.13111238181591034,94.0,1.0,0.17779503762722015,102.0,4.0,0.23763689398765564,135.0,8.0,0.25896716117858887,104.0,24.0,0.38795700669288635,154.0,34.0,0.3023805022239685,67.0,58.0,0.46126821637153625,163.0,69.0,0.5274855494499207,44.0,84.0,0.4918685853481293,169.0,91.0,0.1674393117427826,23.0,116.0,0.6320843696594238,156.0,109.0,0.07560282945632935,90.0,130.0,0.23255252838134766,152.0,128.0,0.23666200041770935,55.0,176.0,0.5892467498779297,141.0,163.0,0.16167712211608887,100.0,219.0,0.5142435431480408,123.0,180.0,0.3728853762149811
29,708,313,754,376,677,370,749,514,128.0,54.0,0.2575633227825165,140.0,42.0,0.29308587312698364,117.0,42.0,0.2786058485507965,156.0,48.0,0.3092367947101593,92.0,49.0,0.4373801350593567,162.0,86.0,0.3117523789405823,57.0,101.0,0.37515199184417725,164.0,136.0,0.17631717026233673,29.0,155.0,0.396268755197525,167.0,176.0,0.29510048031806946,20.0,214.0,0.3243739604949951,108.0,227.0,0.10373709350824356,73.0,225.0,0.11225201934576035,101.0,255.0,0.10404305905103683,93.0,254.0,0.25162750482559204,104.0,245.0,0.0785461962223053,16.0,232.0,0.11065198481082916,149.0,8.0,0.19962486624717712,155.0,3.0,0.23735174536705017,143.0,0.0,0.3159075677394867,105.0,33.0,0.2964681088924408,146.0,38.0,0.2928321361541748,75.0,60.0,0.44785448908805847,155.0,65.0,0.5356805324554443,53.0,91.0,0.48520442843437195,164.0,95.0,0.26891687512397766,29.0,118.0,0.5761719942092896,112.0,103.0,0.08004187047481537,101.0,130.0,0.2602327764034271,163.0,131.0,0.290132075548172,51.0,178.0,0.6352558135986328,148.0,157.0,0.130301371216774,98.0,221.0,0.4929046630859375,133.0,179.0,0.4494231343269348
30,708,314,752,377,680,371,750,513,130.0,56.0,0.3100329339504242,143.0,42.0,0.3979613780975342,118.0,44.0,0.339744508266449,158.0,48.0,0.3572917878627777,94.0,49.0,0.44324198365211487,164.0,86.0,0.3004237711429596,55.0,101.0,0.3588749170303345,164.0,140.0,0.16889509558677673,29.0,152.0,0.4019332230091095,167.0,176.0,0.2618153691291809,18.0,208.0,0.3572840988636017,110.0,227.0,0.13673025369644165,69.0,221.0,0.13122674822807312,105.0,255.0,0.1098698154091835,89.0,248.0,0.20805597305297852,108.0,249.0,0.07921787351369858,16.0,228.0,0.1221248134970665,137.0,7.0,0.4270528256893158,145.0,1.0,0.4352131187915802,127.0,0.0,0.4093690812587738,104.0,4.0,0.18553614616394043,108.0,9.0,0.15819676220417023,73.0,60.0,0.31510430574417114,152.0,68.0,0.3659839332103729,61.0,84.0,0.38631799817085266,156.0,92.0,0.17795681953430176,35.0,116.0,0.5319972038269043,32.0,118.0,0.08529240638017654,90.0,128.0,0.23827484250068665,156.0,124.0,0.20423109829425812,39.0,182.0,0.5806252360343933,123.0,180.0,0.12385422736406326,88.0,219.0,0.4422290027141571,125.0,177.0,0.3434092402458191
