frame,abb_xmin,abb_ymin,abb_xmax,abb_ymax,bbb_xmin,bbb_ymin,bbb_xmax,bbb_ymax,a_nose_x,a_nose_y,a_nose_confidence,a_left_eye_x,a_left_eye_y,a_left_eye_confidence,a_right_eye_x,a_right_eye_y,a_right_eye_confidence,a_left_ear_x,a_left_ear_y,a_left_ear_confidence,a_right_ear_x,a_right_ear_y,a_right_ear_confidence,a_left_shoulder_x,a_left_shoulder_y,a_left_shoulder_confidence,a_right_shoulder_x,a_right_shoulder_y,a_right_shoulder_confidence,a_left_elbow_x,a_left_elbow_y,a_left_elbow_confidence,a_right_elbow_x,a_right_elbow_y,a_right_elbow_confidence,a_left_wrist_x,a_left_wrist_y,a_left_wrist_confidence,a_right_wrist_x,a_right_wrist_y,a_right_wrist_confidence,a_left_hip_x,a_left_hip_y,a_left_hip_confidence,a_right_hip_x,a_right_hip_y,a_right_hip_confidence,a_left_knee_x,a_left_knee_y,a_left_knee_confidence,a_right_knee_x,a_right_knee_y,a_right_knee_confidence,a_left_ankle_x,a_left_ankle_y,a_left_ankle_confidence,a_right_ankle_x,a_right_ankle_y,a_right_ankle_confidence,b_nose_x,b_nose_y,b_nose_confidence,b_left_eye_x,b_left_eye_y,b_left_eye_confidence,b_right_eye_x,b_right_eye_y,b_right_eye_confidence,b_left_ear_x,b_left_ear_y,b_left_ear_confidence,b_right_ear_x,b_right_ear_y,b_right_ear_confidence,b_left_shoulder_x,b_left_shoulder_y,b_left_shoulder_confidence,b_right_shoulder_x,b_right_shoulder_y,b_right_shoulder_confidence,b_left_elbow_x,b_left_elbow_y,b_left_elbow_confidence,b_right_elbow_x,b_right_elbow_y,b_right_elbow_confidence,b_left_wrist_x,b_left_wrist_y,b_left_wrist_confidence,b_right_wrist_x,b_right_wrist_y,b_right_wrist_confidence,b_left_hip_x,b_left_hip_y,b_left_hip_confidence,b_right_hip_x,b_right_hip_y,b_right_hip_confidence,b_left_knee_x,b_left_knee_y,b_left_knee_confidence,b_right_knee_x,b_right_knee_y,b_right_knee_confidence,b_left_ankle_x,b_left_ankle_y,b_left_ankle_confidence,b_right_ankle_x,b_right_ankle_y,b_right_ankle_confidence
0,559,294,615,377,538,378,662,562,138.0,46.0,0.3277173340320587,147.0,50.0,0.3823765218257904,139.0,46.0,0.341547429561615,168.0,56.0,0.2870425879955292,132.0,46.0,0.18911197781562805,141.0,77.0,0.24202410876750946,98.0,66.0,0.3467097282409668,152.0,94.0,0.3157734274864197,51.0,45.0,0.2278631329536438,126.0,95.0,0.22741442918777466,18.0,17.0,0.30718010663986206,109.0,140.0,0.21878665685653687,76.0,135.0,0.21155275404453278,125.0,196.0,0.32030391693115234,70.0,178.0,0.1781817078590393,136.0,248.0,0.4123632609844208,107.0,209.0,0.374413400888443,0.0,93.0,0.20248624682426453,43.0,24.0,0.20815911889076233,95.0,24.0,0.0814705640077591,52.0,29.0,0.5452442765235901,85.0,27.0,0.595487654209137,36.0,56.0,0.7174715995788574,123.0,51.0,0.7022103071212769,12.0,90.0,0.8533548712730408,172.0,83.0,0.8099448680877686,39.0,95.0,0.6326292753219604,179.0,111.0,0.7663553953170776,90.0,128.0,0.4660256505012512,141.0,125.0,0.4929957389831543,66.0,178.0,0.7069547772407532,131.0,162.0,0.6682011485099792,88.0,230.0,0.7039782404899597,136.0,208.0,0.74735426902771
1,558,292,613,377,540,376,665,561,130.0,62.0,0.36755654215812683,141.0,62.0,0.5068990588188171,135.0,58.0,0.4916352927684784,162.0,68.0,0.34796151518821716,128.0,58.0,0.31827884912490845,141.0,96.0,0.42157217860221863,98.0,78.0,0.37080344557762146,113.0,103.0,0.1762426346540451,49.0,47.0,0.2917312681674957,106.0,94.0,0.1300959289073944,30.0,27.0,0.31425222754478455,116.0,149.0,0.25738590955734253,87.0,144.0,0.22659152746200562,121.0,200.0,0.26816651225090027,69.0,152.0,0.1977822631597519,141.0,245.0,0.391940712928772,101.0,212.0,0.3807419240474701,0.0,93.0,0.19949676096439362,47.0,28.0,0.20221221446990967,87.0,8.0,0.08906324207782745,53.0,31.0,0.5657826066017151,87.0,29.0,0.5945920944213867,38.0,58.0,0.685883641242981,123.0,51.0,0.6927577257156372,12.0,92.0,0.8556102514266968,171.0,84.0,0.8113494515419006,42.0,93.0,0.5253965258598328,180.0,112.0,0.7678067088127136,91.0,128.0,0.46458899974823,143.0,125.0,0.5020315647125244,68.0,178.0,0.7214173674583435,133.0,161.0,0.7061336040496826,88.0,230.0,0.722024142742157,143.0,208.0,0.7712780833244324
2,563,303,609,377,544,375,668,560,137.0,42.0,0.30850961804389954,151.0,38.0,0.3889613151550293,135.0,34.0,0.40448328852653503,160.0,44.0,0.3229488432407379,124.0,34.0,0.3300081491470337,145.0,77.0,0.3364509642124176,92.0,61.0,0.2672807574272156,109.0,90.0,0.21586404740810394,59.0,53.0,0.1969021111726761,82.0,90.0,0.10942201316356659,23.0,15.0,0.1460351198911667,113.0,135.0,0.17987315356731415,81.0,135.0,0.14913202822208405,97.0,183.0,0.15875868499279022,62.0,176.0,0.12859871983528137,144.0,236.0,0.34249377250671387,90.0,215.0,0.258597195148468,0.0,93.0,0.23379044234752655,44.0,28.0,0.21130260825157166,79.0,8.0,0.10990046709775925,53.0,33.0,0.5465760827064514,86.0,30.0,0.5734019875526428,38.0,60.0,0.6927264928817749,123.0,54.0,0.6875895261764526,12.0,92.0,0.869752824306488,171.0,86.0,0.7948101162910461,45.0,94.0,0.5258240103721619,181.0,113.0,0.7762199640274048,92.0,131.0,0.48654237389564514,143.0,125.0,0.502898097038269,68.0,180.0,0.726065456867218,134.0,161.0,0.6827733516693115,86.0,232.0,0.733694314956665,151.0,208.0,0.7599585056304932
3,557,308,607,376,549,378,671,561,130.0,26.0,0.2636082172393799,151.0,30.0,0.34911835193634033,139.0,26.0,0.3785000443458557,164.0,36.0,0.304030179977417,124.0,22.0,0.24671176075935364,149.0,72.0,0.23773722350597382,98.0,54.0,0.2828045189380646,151.0,81.0,0.15545636415481567,69.0,42.0,0.32156360149383545,89.0,95.0,0.14172662794589996,34.0,33.0,0.41153597831726074,125.0,131.0,0.1654171496629715,99.0,128.0,0.16847333312034607,97.0,177.0,0.22540071606636047,78.0,172.0,0.1804673671722412,155.0,237.0,0.35462018847465515,100.0,224.0,0.18775886297225952,0.0,93.0,0.24327179789543152,43.0,24.0,0.18457439541816711,45.0,26.0,0.07422234863042831,53.0,29.0,0.5465811491012573,86.0,26.0,0.594054102897644,36.0,58.0,0.696152925491333,123.0,52.0,0.6918256878852844,11.0,91.0,0.8597887754440308,169.0,84.0,0.8005459308624268,39.0,91.0,0.4841122627258301,180.0,112.0,0.7730099558830261,90.0,128.0,0.48800578713417053,141.0,125.0,0.49966809153556824,65.0,179.0,0.7225934267044067,137.0,158.0,0.6705633401870728,86.0,231.0,0.7251033186912537,156.0,204.0,0.7416239976882935
4,568,309,608,379,553,379,674,561,109.0,50.0,0.23730601370334625,127.0,42.0,0.2388942986726761,101.0,36.0,0.3119773268699646,136.0,40.0,0.1644604653120041,84.0,42.0,0.10353593528270721,133.0,76.0,0.16524925827980042,62.0,68.0,0.16618777811527252,128.0,72.0,0.053208474069833755,64.0,104.0,0.11699926853179932,115.0,91.0,0.06725836545228958,109.0,91.0,0.09848608076572418,110.0,138.0,0.04219724237918854,75.0,132.0,0.041441094130277634,53.0,179.0,0.18587559461593628,54.0,176.0,0.12712936103343964,144.0,228.0,0.2602121829986572,140.0,228.0,0.2718469798564911,65.0,4.0,0.18141193687915802,67.0,4.0,0.17882974445819855,67.0,6.0,0.1757236272096634,53.0,31.0,0.5296147465705872,86.0,28.0,0.6138834357261658,36.0,60.0,0.6862185597419739,123.0,55.0,0.6899418830871582,12.0,94.0,0.8604906797409058,169.0,88.0,0.8211609721183777,40.0,92.0,0.47037023305892944,179.0,115.0,0.7834422588348389,90.0,132.0,0.46762070059776306,140.0,124.0,0.49968475103378296,63.0,181.0,0.7323161363601685,139.0,160.0,0.6663329601287842,86.0,232.0,0.7162289619445801,163.0,200.0,0.7325091361999512
5,568,310,605,377,560,383,678,560,109.0,50.0,0.2608802914619446,121.0,38.0,0.33583617210388184,97.0,39.0,0.4386196732521057,140.0,42.0,0.25356632471084595,80.0,46.0,0.15436048805713654,143.0,76.0,0.224651500582695,61.0,79.0,0.2106594741344452,124.0,110.0,0.2412666231393814,67.0,101.0,0.16845817863941193,72.0,96.0,0.13774503767490387,116.0,107.0,0.16514629125595093,124.0,161.0,0.05623604357242584,75.0,136.0,0.04631102830171585,48.0,192.0,0.09773325175046921,42.0,188.0,0.13900227844715118,142.0,230.0,0.15119469165802002,136.0,228.0,0.15969540178775787,0.0,97.0,0.15168160200119019,42.0,28.0,0.16063444316387177,42.0,27.0,0.06505034863948822,51.0,32.0,0.5184672474861145,83.0,31.0,0.5879617929458618,36.0,60.0,0.6898200511932373,123.0,55.0,0.6791746020317078,11.0,96.0,0.8381671905517578,167.0,90.0,0.7819057106971741,32.0,91.0,0.46871644258499146,177.0,117.0,0.7702772617340088,86.0,132.0,0.4547945559024811,136.0,128.0,0.48863279819488525,52.0,182.0,0.7173535227775574,139.0,162.0,0.6480559706687927,80.0,232.0,0.7108897566795349,167.0,200.0,0.74318927526474
6,543,310,605,380,565,389,682,559,134.0,38.0,0.3633183538913727,141.0,35.0,0.3786551356315613,131.0,34.0,0.41238024830818176,157.0,33.0,0.482358455657959,124.0,32.0,0.3491465151309967,159.0,69.0,0.6685881614685059,112.0,70.0,0.5474076867103577,156.0,108.0,0.7549830079078674,73.0,99.0,0.5921766757965088,118.0,93.0,0.5004953145980835,26.0,109.0,0.5006411075592041,155.0,140.0,0.3917798399925232,128.0,139.0,0.3371923863887787,105.0,184.0,0.39224889874458313,87.0,176.0,0.4768220782279968,167.0,223.0,0.4418071508407593,122.0,215.0,0.20991936326026917,41.0,30.0,0.1683603823184967,41.0,27.0,0.19412469863891602,38.0,27.0,0.07850555330514908,49.0,31.0,0.5148313045501709,82.0,28.0,0.5845494270324707,34.0,62.0,0.6853917241096497,119.0,55.0,0.6744017004966736,11.0,99.0,0.818559467792511,163.0,91.0,0.7922348380088806,35.0,91.0,0.4980449378490448,177.0,120.0,0.7640582323074341,83.0,135.0,0.47382840514183044,132.0,128.0,0.4813125431537628,39.0,181.0,0.7282072305679321,138.0,164.0,0.6854017972946167,66.0,227.0,0.7187190055847168,175.0,202.0,0.7377315759658813
7,559,310,607,379,568,395,686,558,106.0,54.0,0.605296790599823,115.0,42.0,0.6139649748802185,97.0,42.0,0.6713067889213562,128.0,45.0,0.5544882416725159,89.0,51.0,0.5057621598243713,141.0,80.0,0.5133705139160156,82.0,82.0,0.4264002740383148,153.0,112.0,0.564537763595581,25.0,123.0,0.2656269669532776,100.0,106.0,0.4389195740222931,62.0,98.0,0.33613118529319763,141.0,150.0,0.20745205879211426,96.0,151.0,0.15912310779094696,73.0,191.0,0.16690903902053833,47.0,180.0,0.29088273644447327,145.0,223.0,0.20781168341636658,132.0,217.0,0.22754786908626556,41.0,30.0,0.16770002245903015,40.0,32.0,0.20281876623630524,38.0,27.0,0.07396118342876434,47.0,32.0,0.5478717088699341,82.0,28.0,0.6175531148910522,35.0,64.0,0.6898233294487,119.0,55.0,0.6933627128601074,12.0,104.0,0.8111833930015564,159.0,92.0,0.7834177613258362,35.0,95.0,0.41145291924476624,177.0,123.0,0.7626411318778992,84.0,139.0,0.4621497094631195,132.0,132.0,0.4726814329624176,32.0,176.0,0.7275291681289673,137.0,166.0,0.6876125931739807,48.0,216.0,0.7538155317306519,171.0,204.0,0.7513988018035889
8,558,310,608,381,571,399,689,550,102.0,52.0,0.5475665926933289,110.0,41.0,0.5998954176902771,95.0,43.0,0.645265519618988,126.0,42.0,0.5011756420135498,84.0,49.0,0.5197926759719849,135.0,77.0,0.4203128516674042,80.0,86.0,0.3924100995063782,155.0,104.0,0.5530946850776672,37.0,127.0,0.2604374289512634,113.0,112.0,0.44982099533081055,143.0,109.0,0.08507880568504333,134.0,148.0,0.11921658366918564,86.0,152.0,0.11443762481212616,86.0,188.0,0.10432343930006027,50.0,172.0,0.2183125615119934,151.0,215.0,0.20838721096515656,144.0,212.0,0.2682463228702545,37.0,30.0,0.16491875052452087,37.0,29.0,0.20052653551101685,34.0,27.0,0.06945376098155975,43.0,33.0,0.573269248008728,77.0,29.0,0.659264862537384,28.0,68.0,0.7377706170082092,115.0,57.0,0.7005596160888672,12.0,112.0,0.8031805157661438,156.0,99.0,0.760193407535553,41.0,103.0,0.40292638540267944,179.0,131.0,0.6758815050125122,83.0,148.0,0.45726823806762695,128.0,144.0,0.4674951732158661,31.0,175.0,0.7024295926094055,133.0,174.0,0.637185275554657,31.0,217.0,0.7397586703300476,164.0,212.0,0.7157883644104004
9,566,310,610,378,561,402,694,546,82.0,54.0,0.4451800286769867,89.0,42.0,0.4991706907749176,73.0,46.0,0.5221592783927917,102.0,42.0,0.4324292540550232,60.0,51.0,0.40558627247810364,117.0,77.0,0.3924686014652252,59.0,89.0,0.39507898688316345,145.0,108.0,0.5228216648101807,86.0,116.0,0.2196613997220993,95.0,118.0,0.40860557556152344,132.0,113.0,0.19364488124847412,121.0,147.0,0.11911308765411377,82.0,152.0,0.10254982858896255,77.0,197.0,0.08524191379547119,26.0,180.0,0.15944620966911316,149.0,221.0,0.18202917277812958,140.0,217.0,0.2365541011095047,45.0,28.0,0.15606282651424408,44.0,28.0,0.2463843822479248,42.0,27.0,0.08618544042110443,51.0,32.0,0.6525190472602844,82.0,28.0,0.7372051477432251,36.0,70.0,0.7652994394302368,115.0,58.0,0.7599107623100281,28.0,118.0,0.8388639092445374,154.0,102.0,0.7796993255615234,47.0,124.0,0.7258750200271606,179.0,137.0,0.7372426986694336,85.0,150.0,0.4434013366699219,128.0,145.0,0.48051801323890686,45.0,171.0,0.7186620831489563,130.0,176.0,0.6593949794769287,28.0,222.0,0.766606330871582,159.0,216.0,0.7457192540168762
10,567,310,613,377,553,403,697,545,73.0,49.0,0.38951876759529114,79.0,38.0,0.4490351974964142,65.0,42.0,0.4585396945476532,92.0,38.0,0.44114601612091064,53.0,47.0,0.29723942279815674,110.0,73.0,0.37343817949295044,58.0,83.0,0.3821338713169098,140.0,106.0,0.5334329605102539,68.0,111.0,0.3024040758609772,96.0,116.0,0.3109542429447174,115.0,117.0,0.21399840712547302,117.0,146.0,0.19551129639148712,78.0,144.0,0.17615649104118347,73.0,200.0,0.1794789582490921,22.0,176.0,0.19573329389095306,151.0,223.0,0.29092714190483093,147.0,221.0,0.3020133376121521,49.0,28.0,0.12768864631652832,48.0,28.0,0.19833001494407654,89.0,24.0,0.10643281787633896,55.0,33.0,0.6644860506057739,86.0,30.0,0.7490798830986023,42.0,71.0,0.7771672010421753,115.0,60.0,0.7769080400466919,35.0,121.0,0.854062020778656,152.0,104.0,0.7704254388809204,49.0,141.0,0.7365483045578003,179.0,139.0,0.7186440825462341,87.0,149.0,0.5328720211982727,128.0,145.0,0.5250182151794434,54.0,174.0,0.7041657567024231,134.0,177.0,0.6822092533111572,24.0,226.0,0.684535562992096,159.0,216.0,0.7325747013092041
11,569,310,615,377,552,405,698,544,69.0,50.0,0.3635748028755188,73.0,38.0,0.44242483377456665,57.0,44.0,0.46794089674949646,90.0,34.0,0.3716394603252411,48.0,51.0,0.25491252541542053,111.0,73.0,0.3201771080493927,52.0,80.0,0.2690936326980591,139.0,103.0,0.45585599541664124,63.0,107.0,0.27546530961990356,93.0,107.0,0.31961503624916077,124.0,107.0,0.1176891177892685,114.0,144.0,0.19233766198158264,79.0,143.0,0.1715899109840393,69.0,196.0,0.1699983924627304,22.0,176.0,0.18647350370883942,155.0,223.0,0.28697630763053894,152.0,220.0,0.24593840539455414,49.0,30.0,0.11486579477787018,48.0,28.0,0.1996738463640213,89.0,24.0,0.10309502482414246,53.0,35.0,0.6885414123535156,87.0,31.0,0.7765121459960938,40.0,72.0,0.7881069183349609,115.0,60.0,0.7871817350387573,34.0,124.0,0.8627539873123169,151.0,105.0,0.74130779504776,45.0,149.0,0.7708943486213684,179.0,139.0,0.7109336256980896,82.0,150.0,0.5361137986183167,126.0,147.0,0.5216975212097168,55.0,179.0,0.6985624432563782,137.0,177.0,0.6747989654541016,19.0,227.0,0.6641188859939575,157.0,216.0,0.7168033123016357
12,570,308,618,377,548,407,706,544,57.0,55.0,0.36640867590904236,67.0,42.0,0.4501356780529022,51.0,46.0,0.49785923957824707,86.0,38.0,0.4170513451099396,44.0,51.0,0.22973768413066864,113.0,73.0,0.35721325874328613,50.0,78.0,0.2745669484138489,141.0,97.0,0.5035437941551208,64.0,104.0,0.2587376832962036,104.0,99.0,0.3716525137424469,86.0,100.0,0.19094064831733704,113.0,141.0,0.2316504567861557,78.0,137.0,0.22274449467658997,73.0,196.0,0.34776070713996887,20.0,178.0,0.2915991246700287,157.0,224.0,0.37668073177337646,56.0,224.0,0.24436014890670776,49.0,30.0,0.140280082821846,49.0,29.0,0.2226938158273697,89.0,24.0,0.1267865151166916,55.0,33.0,0.694631040096283,87.0,29.0,0.8095231056213379,44.0,72.0,0.8041322231292725,113.0,61.0,0.7962095737457275,34.0,124.0,0.854534924030304,146.0,106.0,0.7854174375534058,43.0,153.0,0.7856881618499756,175.0,139.0,0.711822509765625,78.0,152.0,0.5618864297866821,118.0,149.0,0.5261322855949402,57.0,183.0,0.7021917700767517,135.0,176.0,0.674223780632019,20.0,228.0,0.6796175241470337,152.0,216.0,0.7171204090118408
13,571,307,619,377,549,408,718,545,65.0,45.0,0.34652385115623474,71.0,38.0,0.39053472876548767,59.0,38.0,0.3737484812736511,86.0,34.0,0.4577595293521881,48.0,40.0,0.3616112470626831,109.0,69.0,0.34320855140686035,49.0,73.0,0.372058242559433,149.0,91.0,0.5005143284797668,68.0,105.0,0.445243775844574,112.0,88.0,0.349711149930954,93.0,95.0,0.16019973158836365,112.0,137.0,0.27472248673439026,77.0,137.0,0.3063269257545471,84.0,190.0,0.44979557394981384,27.0,176.0,0.3654507100582123,159.0,225.0,0.4509464204311371,53.0,222.0,0.407007098197937,49.0,30.0,0.1361299753189087,47.0,24.0,0.21004529297351837,87.0,24.0,0.19635701179504395,53.0,33.0,0.7088000774383545,83.0,29.0,0.8250765204429626,43.0,72.0,0.7898697853088379,106.0,63.0,0.8190337419509888,31.0,125.0,0.8613746762275696,138.0,106.0,0.7688012719154358,39.0,155.0,0.8011824488639832,169.0,137.0,0.7494953870773315,69.0,156.0,0.558933675289154,107.0,149.0,0.5468118786811829,53.0,183.0,0.7036077380180359,127.0,174.0,0.6854203939437866,19.0,225.0,0.6930853128433228,144.0,218.0,0.6979479789733887
14,573,305,619,377,548,409,717,545,69.0,39.0,0.44214561581611633,75.0,28.0,0.3956085443496704,59.0,30.0,0.4696582555770874,92.0,34.0,0.5358795523643494,51.0,37.0,0.4670386016368866,111.0,65.0,0.36376869678497314,53.0,69.0,0.4198238253593445,169.0,88.0,0.5052939653396606,72.0,105.0,0.3681437373161316,136.0,80.0,0.34878140687942505,66.0,96.0,0.13818830251693726,116.0,141.0,0.30230310559272766,76.0,137.0,0.3739967942237854,98.0,188.0,0.5815533995628357,28.0,178.0,0.47702860832214355,164.0,226.0,0.4562748372554779,49.0,221.0,0.4842044413089752,57.0,30.0,0.1306159943342209,55.0,24.0,0.1807006597518921,89.0,20.0,0.17030757665634155,59.0,33.0,0.6782919764518738,88.0,30.0,0.8172261118888855,48.0,72.0,0.8066926002502441,110.0,64.0,0.8377422094345093,34.0,124.0,0.8759240508079529,142.0,106.0,0.7966384887695312,41.0,153.0,0.7999361753463745,175.0,133.0,0.7694003582000732,68.0,158.0,0.5795237421989441,107.0,153.0,0.5442749857902527,54.0,182.0,0.7004194855690002,129.0,173.0,0.6904675960540771,20.0,227.0,0.6927763223648071,148.0,222.0,0.701912522315979
15,572,302,620,377,548,409,725,546,78.0,38.0,0.6713961958885193,86.0,28.0,0.6631720066070557,71.0,30.0,0.7255704998970032,105.0,35.0,0.632012665271759,60.0,37.0,0.628283679485321,115.0,65.0,0.48850035667419434,60.0,70.0,0.5860986113548279,177.0,84.0,0.49110859632492065,89.0,103.0,0.4747074842453003,143.0,77.0,0.3603440821170807,74.0,93.0,0.26384785771369934,124.0,141.0,0.35131213068962097,83.0,141.0,0.43017247319221497,114.0,188.0,0.638484001159668,47.0,179.0,0.45043355226516724,165.0,225.0,0.487508624792099,57.0,221.0,0.48465242981910706,191.0,128.0,0.15645816922187805,57.0,25.0,0.1725843846797943,95.0,24.0,0.19750460982322693,61.0,33.0,0.674471914768219,90.0,30.0,0.8208995461463928,51.0,71.0,0.8001174926757812,110.0,64.0,0.8313170671463013,36.0,122.0,0.8711841702461243,141.0,105.0,0.7896847128868103,41.0,149.0,0.8024757504463196,179.0,127.0,0.7550612688064575,67.0,160.0,0.5863648653030396,103.0,157.0,0.542898952960968,53.0,181.0,0.6775913834571838,127.0,170.0,0.681779146194458,19.0,225.0,0.7065103650093079,141.0,224.0,0.7148146629333496
16,573,300,623,377,548,408,735,548,81.0,37.0,0.6786390542984009,89.0,28.0,0.6622263193130493,75.0,30.0,0.7069084048271179,106.0,34.0,0.6384938955307007,64.0,37.0,0.586990475654602,115.0,65.0,0.453723281621933,62.0,66.0,0.5166568756103516,177.0,83.0,0.3712867200374603,93.0,99.0,0.23644571006298065,148.0,76.0,0.3073956370353699,82.0,92.0,0.2646369934082031,124.0,141.0,0.3017939031124115,81.0,141.0,0.3810468316078186,118.0,188.0,0.616374135017395,61.0,178.0,0.2398180514574051,161.0,225.0,0.47276416420936584,57.0,217.0,0.4884706735610962,61.0,30.0,0.18791937828063965,61.0,25.0,0.21076853573322296,95.0,24.0,0.16558420658111572,65.0,33.0,0.6874496936798096,93.0,30.0,0.805950939655304,54.0,69.0,0.8036274909973145,111.0,64.0,0.8470756411552429,40.0,118.0,0.8583409190177917,139.0,99.0,0.8222262263298035,49.0,139.0,0.7075836062431335,175.0,117.0,0.777627170085907,65.0,158.0,0.5770469307899475,99.0,157.0,0.5550259947776794,49.0,179.0,0.6653279066085815,125.0,166.0,0.6676048040390015,17.0,221.0,0.7242192029953003,131.0,224.0,0.7633056044578552
17,579,299,626,377,548,407,744,552,69.0,37.0,0.6112912893295288,79.0,28.0,0.5781998634338379,64.0,28.0,0.6229896545410156,96.0,34.0,0.5829223990440369,56.0,37.0,0.515388011932373,109.0,65.0,0.38242337107658386,54.0,70.0,0.3903650939464569,149.0,73.0,0.17909955978393555,69.0,97.0,0.11245618760585785,140.0,75.0,0.18243061006069183,65.0,87.0,0.23654519021511078,118.0,144.0,0.21016444265842438,73.0,141.0,0.23437844216823578,109.0,186.0,0.3948334753513336,53.0,162.0,0.21238407492637634,150.0,225.0,0.42814159393310547,53.0,221.0,0.4304659366607666,65.0,30.0,0.20820806920528412,65.0,25.0,0.26087686419487,99.0,24.0,0.22147569060325623,69.0,33.0,0.6942983269691467,95.0,29.0,0.814947783946991,59.0,67.0,0.8314022421836853,113.0,64.0,0.8415456414222717,44.0,112.0,0.8667351007461548,142.0,96.0,0.7959479093551636,55.0,130.0,0.6788848638534546,179.0,109.0,0.7969223856925964,67.0,152.0,0.5791172981262207,99.0,152.0,0.5763630270957947,48.0,176.0,0.6743777394294739,125.0,166.0,0.6379382014274597,16.0,216.0,0.7542892098426819,124.0,224.0,0.7566178441047668
18,586,299,629,378,551,406,757,554,58.0,34.0,0.6118659377098083,67.0,24.0,0.633087158203125,52.0,24.0,0.6678462624549866,84.0,30.0,0.5818554759025574,40.0,33.0,0.5063156485557556,103.0,61.0,0.4178619682788849,37.0,67.0,0.3760683536529541,88.0,96.0,0.20421011745929718,36.0,76.0,0.10079676657915115,166.0,75.0,0.15327546000480652,58.0,88.0,0.17351502180099487,109.0,139.0,0.19792227447032928,55.0,141.0,0.19853855669498444,101.0,184.0,0.23228585720062256,34.0,161.0,0.12391091138124466,141.0,225.0,0.30928581953048706,57.0,221.0,0.26706090569496155,69.0,30.0,0.21189962327480316,67.0,24.0,0.30256175994873047,97.0,24.0,0.16921356320381165,70.0,31.0,0.6690070629119873,95.0,29.0,0.8222975730895996,63.0,64.0,0.8003042936325073,113.0,62.0,0.8484452366828918,45.0,107.0,0.8335301876068115,141.0,91.0,0.784304678440094,63.0,116.0,0.43087294697761536,179.0,100.0,0.8183279037475586,67.0,148.0,0.5947951078414917,97.0,149.0,0.564985990524292,44.0,177.0,0.7487127184867859,123.0,175.0,0.7046090960502625,12.0,212.0,0.7568910121917725,113.0,230.0,0.7215303182601929
19,588,299,632,378,554,404,770,556,60.0,32.0,0.6261292099952698,69.0,24.0,0.6643326282501221,52.0,24.0,0.6954991817474365,85.0,29.0,0.5984903573989868,40.0,29.0,0.5263681411743164,104.0,59.0,0.4313303828239441,37.0,63.0,0.4082088768482208,144.0,68.0,0.16399934887886047,20.0,71.0,0.22632578015327454,167.0,78.0,0.3030076026916504,57.0,87.0,0.22369103133678436,114.0,140.0,0.2173932045698166,59.0,136.0,0.23050522804260254,101.0,182.0,0.24452227354049683,38.0,169.0,0.1367342323064804,137.0,217.0,0.21483038365840912,74.0,219.0,0.22204451262950897,69.0,30.0,0.17486372590065002,67.0,24.0,0.261066198348999,97.0,28.0,0.25080397725105286,72.0,33.0,0.6690841317176819,96.0,30.0,0.8402714133262634,64.0,66.0,0.7687063813209534,113.0,63.0,0.8586134314537048,43.0,105.0,0.8332240581512451,142.0,89.0,0.812652051448822,54.0,95.0,0.2852618992328644,179.0,93.0,0.8310388922691345,65.0,144.0,0.6106629371643066,95.0,148.0,0.588779628276825,43.0,177.0,0.7406124472618103,121.0,177.0,0.6438001990318298,14.0,208.0,0.7348591685295105,106.0,231.0,0.7202475070953369
20,590,299,634,378,558,403,780,555,61.0,35.0,0.6329606771469116,71.0,26.0,0.689781665802002,55.0,26.0,0.6908402442932129,86.0,30.0,0.6133207678794861,44.0,33.0,0.5918328762054443,107.0,61.0,0.48185911774635315,38.0,66.0,0.4151110053062439,157.0,75.0,0.1890038400888443,18.0,71.0,0.20044279098510742,174.0,83.0,0.23019655048847198,65.0,91.0,0.21141746640205383,118.0,136.0,0.25190386176109314,63.0,135.0,0.2944205403327942,105.0,180.0,0.2962501049041748,34.0,172.0,0.22936198115348816,138.0,219.0,0.3102389872074127,89.0,217.0,0.3646370768547058,105.0,27.0,0.1587977558374405,72.0,28.0,0.21980789303779602,101.0,24.0,0.2575778663158417,74.0,31.0,0.6589500904083252,98.0,30.0,0.8498937487602234,67.0,65.0,0.769073486328125,113.0,63.0,0.8656601309776306,43.0,99.0,0.8537250757217407,142.0,89.0,0.8230224847793579,61.0,85.0,0.3115617632865906,179.0,91.0,0.8256562948226929,66.0,148.0,0.6015737652778625,95.0,148.0,0.5768054127693176,45.0,181.0,0.7374256253242493,116.0,182.0,0.6342688202857971,16.0,216.0,0.7490531206130981,100.0,232.0,0.7427430152893066
21,590,300,638,381,565,401,786,556,66.0,34.0,0.650119960308075,75.0,26.0,0.6852683424949646,59.0,26.0,0.7477648258209229,92.0,30.0,0.6515144109725952,50.0,31.0,0.657471239566803,111.0,61.0,0.5244837999343872,45.0,65.0,0.4787076711654663,163.0,76.0,0.2559465169906616,37.0,107.0,0.17528791725635529,170.0,87.0,0.3240034580230713,61.0,85.0,0.1329720914363861,116.0,137.0,0.2479119747877121,68.0,136.0,0.30712926387786865,109.0,176.0,0.4579755365848541,40.0,170.0,0.48121538758277893,134.0,217.0,0.47652748227119446,100.0,212.0,0.49353867769241333,102.0,28.0,0.3374291956424713,101.0,24.0,0.19278399646282196,101.0,27.0,0.4240356385707855,75.0,33.0,0.656603991985321,98.0,30.0,0.852681040763855,67.0,62.0,0.7872740030288696,111.0,63.0,0.8757206797599792,44.0,88.0,0.8825545907020569,138.0,88.0,0.8229153156280518,61.0,77.0,0.28438153862953186,179.0,91.0,0.8138220906257629,69.0,144.0,0.6097577810287476,97.0,149.0,0.5587738752365112,49.0,182.0,0.7309119701385498,111.0,187.0,0.685283899307251,19.0,225.0,0.7463399767875671,95.0,232.0,0.7346554398536682
22,593,300,639,383,575,399,787,557,69.0,39.0,0.6228374242782593,79.0,32.0,0.667960524559021,63.0,32.0,0.6874249577522278,93.0,35.0,0.6540530323982239,52.0,35.0,0.6663780808448792,115.0,65.0,0.5118909478187561,41.0,69.0,0.476835697889328,169.0,79.0,0.45219430327415466,33.0,107.0,0.1635582149028778,176.0,99.0,0.2952722907066345,26.0,117.0,0.10972875356674194,120.0,141.0,0.2608530819416046,69.0,141.0,0.29586437344551086,120.0,175.0,0.5032881498336792,45.0,173.0,0.5391708016395569,140.0,222.0,0.46106892824172974,107.0,213.0,0.4822809398174286,102.0,28.0,0.30518078804016113,91.0,20.0,0.1728276163339615,101.0,27.0,0.381827712059021,75.0,32.0,0.6357696056365967,99.0,30.0,0.8500423431396484,67.0,61.0,0.7812572121620178,111.0,63.0,0.9030024409294128,44.0,78.0,0.8123731017112732,135.0,89.0,0.8217512965202332,52.0,77.0,0.2369224727153778,177.0,93.0,0.8184756636619568,71.0,144.0,0.6183322668075562,99.0,147.0,0.584602415561676,52.0,184.0,0.7302495241165161,107.0,187.0,0.6966148018836975,24.0,232.0,0.742781400680542,89.0,231.0,0.7253647446632385
23,590,302,644,385,596,397,785,561,81.0,39.0,0.7512600421905518,89.0,31.0,0.7516778111457825,74.0,32.0,0.785269558429718,102.0,35.0,0.7421384453773499,64.0,35.0,0.7332467436790466,124.0,64.0,0.5882190465927124,53.0,69.0,0.6013553142547607,165.0,80.0,0.6479767560958862,31.0,99.0,0.40070754289627075,172.0,106.0,0.5614326596260071,11.0,121.0,0.39081528782844543,124.0,138.0,0.3932494521141052,79.0,140.0,0.42711564898490906,128.0,172.0,0.6156678199768066,62.0,174.0,0.6455966234207153,142.0,220.0,0.5933030843734741,113.0,213.0,0.6150389313697815,100.0,28.0,0.4389299154281616,97.0,24.0,0.2232186645269394,99.0,26.0,0.5127303600311279,68.0,32.0,0.6028054356575012,95.0,30.0,0.8483648300170898,60.0,56.0,0.7586967349052429,107.0,61.0,0.8627635836601257,39.0,67.0,0.8072238564491272,128.0,88.0,0.8328644037246704,55.0,65.0,0.18890491127967834,175.0,91.0,0.7940778732299805,67.0,144.0,0.6107875108718872,99.0,145.0,0.5607362985610962,52.0,184.0,0.7479188442230225,100.0,188.0,0.7047549486160278,28.0,230.0,0.7332051396369934,79.0,224.0,0.7389917373657227
24,592,305,645,386,623,394,783,568,86.0,38.0,0.708554744720459,95.0,30.0,0.7253905534744263,79.0,30.0,0.7763413190841675,110.0,34.0,0.7342530488967896,68.0,33.0,0.7447236776351929,129.0,64.0,0.6008701920509338,56.0,68.0,0.5973010659217834,171.0,82.0,0.6155427098274231,33.0,95.0,0.5264334082603455,176.0,114.0,0.4791388213634491,6.0,120.0,0.45133328437805176,131.0,136.0,0.3568578064441681,83.0,141.0,0.3954125940799713,141.0,171.0,0.6088000535964966,70.0,174.0,0.6122550964355469,157.0,225.0,0.5068761110305786,117.0,211.0,0.5937480330467224,92.0,32.0,0.7059820890426636,91.0,26.0,0.49285030364990234,90.0,28.0,0.7608020305633545,59.0,32.0,0.468073308467865,85.0,33.0,0.7876322269439697,49.0,54.0,0.7044832110404968,97.0,61.0,0.7749300599098206,28.0,60.0,0.7474499940872192,115.0,87.0,0.8246778249740601,52.0,60.0,0.1302420049905777,171.0,89.0,0.7551296949386597,58.0,138.0,0.5843261480331421,95.0,140.0,0.5384388566017151,48.0,180.0,0.7217417359352112,88.0,182.0,0.7106402516365051,26.0,224.0,0.7283113598823547,65.0,216.0,0.7711310982704163
25,594,308,649,387,648,392,780,575,89.0,35.0,0.7340860366821289,97.0,26.0,0.7465963959693909,81.0,26.0,0.7937613129615784,109.0,31.0,0.711918830871582,69.0,31.0,0.7382976412773132,128.0,62.0,0.6098707318305969,59.0,65.0,0.6205361485481262,167.0,87.0,0.5973042249679565,31.0,93.0,0.5566157102584839,170.0,119.0,0.46001529693603516,3.0,120.0,0.4721493422985077,131.0,132.0,0.38570350408554077,85.0,139.0,0.4109770357608795,144.0,168.0,0.6410416960716248,63.0,176.0,0.5610039830207825,165.0,225.0,0.5227739810943604,111.0,209.0,0.6019980311393738,85.0,30.0,0.6536689400672913,83.0,26.0,0.5231163501739502,82.0,28.0,0.7199838757514954,51.0,29.0,0.3689347505569458,75.0,33.0,0.7035306692123413,33.0,51.0,0.6046177744865417,83.0,61.0,0.613925576210022,45.0,83.0,0.13851717114448547,97.0,85.0,0.7594276070594788,72.0,80.0,0.07249346375465393,166.0,86.0,0.6745349764823914,47.0,132.0,0.48473599553108215,92.0,132.0,0.4345744550228119,45.0,175.0,0.7115880250930786,79.0,174.0,0.6285709142684937,24.0,216.0,0.7117756605148315,55.0,207.0,0.705548882484436
26,594,310,655,388,667,391,779,577,89.0,33.0,0.7427238821983337,99.0,26.0,0.7384118437767029,84.0,24.0,0.7967967391014099,110.0,30.0,0.7144708037376404,73.0,29.0,0.7303430438041687,128.0,60.0,0.6563898324966431,64.0,62.0,0.6510201096534729,159.0,84.0,0.6101755499839783,35.0,89.0,0.5689045190811157,162.0,113.0,0.43027666211128235,10.0,116.0,0.5049574971199036,129.0,128.0,0.44080817699432373,88.0,133.0,0.4584696590900421,142.0,167.0,0.6582246422767639,66.0,174.0,0.6171820759773254,166.0,225.0,0.5418758988380432,103.0,207.0,0.6294284462928772,77.0,33.0,0.6280505657196045,75.0,28.0,0.514765739440918,73.0,31.0,0.6868645548820496,43.0,31.0,0.22510461509227753,67.0,33.0,0.6030089855194092,16.0,49.0,0.5176829099655151,63.0,61.0,0.4676404893398285,41.0,84.0,0.11887194216251373,77.0,85.0,0.6946018934249878,61.0,107.0,0.06380558013916016,161.0,85.0,0.623384416103363,39.0,132.0,0.35731616616249084,89.0,137.0,0.3163660764694214,43.0,176.0,0.6264439821243286,75.0,173.0,0.5552704930305481,24.0,216.0,0.6294754147529602,55.0,207.0,0.5624759197235107
27,597,311,658,388,675,392,779,579,93.0,31.0,0.753707766532898,102.0,24.0,0.7766799330711365,87.0,22.0,0.8068835139274597,112.0,28.0,0.7278298735618591,75.0,27.0,0.7593042254447937,131.0,60.0,0.6626394391059875,64.0,62.0,0.6465116143226624,157.0,84.0,0.5737242698669434,35.0,89.0,0.550597608089447,159.0,111.0,0.45412611961364746,10.0,116.0,0.4947841167449951,129.0,128.0,0.4299446642398834,87.0,133.0,0.4672373831272125,148.0,166.0,0.6531192064285278,64.0,173.0,0.6125593781471252,171.0,221.0,0.5874617695808411,93.0,207.0,0.6324218511581421,79.0,37.0,0.6822617053985596,78.0,32.0,0.6117749810218811,76.0,31.0,0.7705090045928955,27.0,29.0,0.16390997171401978,64.0,32.0,0.48276740312576294,16.0,48.0,0.23519708216190338,31.0,52.0,0.3186681568622589,93.0,89.0,0.11260472238063812,67.0,85.0,0.6549176573753357,163.0,82.0,0.13221155107021332,158.0,84.0,0.554444432258606,41.0,132.0,0.23912681639194489,97.0,137.0,0.25878608226776123,49.0,179.0,0.4048864543437958,87.0,172.0,0.28527969121932983,36.0,224.0,0.3710024058818817,67.0,207.0,0.30200499296188354
28,602,310,663,389,682,393,782,583,93.0,33.0,0.7314858436584473,101.0,26.0,0.7668322920799255,85.0,24.0,0.7898424863815308,112.0,30.0,0.7115821838378906,75.0,29.0,0.7598632574081421,129.0,60.0,0.6474995017051697,61.0,63.0,0.62898850440979,153.0,88.0,0.46651989221572876,35.0,87.0,0.5355020761489868,157.0,117.0,0.3653375804424286,12.0,118.0,0.5196858048439026,126.0,128.0,0.45676514506340027,83.0,129.0,0.4729842245578766,146.0,168.0,0.656065821647644,60.0,169.0,0.5753408670425415,168.0,220.0,0.5756354331970215,76.0,204.0,0.6415397524833679,83.0,37.0,0.689495861530304,82.0,30.0,0.5444321632385254,80.0,32.0,0.6962290406227112,48.0,26.0,0.16613289713859558,68.0,34.0,0.45999863743782043,16.0,50.0,0.27424323558807373,32.0,52.0,0.23232434689998627,37.0,87.0,0.10189443826675415,61.0,87.0,0.6511961817741394,155.0,78.0,0.11196509003639221,150.0,80.0,0.4834936559200287,39.0,128.0,0.2379731684923172,104.0,133.0,0.20227937400341034,59.0,179.0,0.4178510904312134,109.0,170.0,0.3383767306804657,44.0,224.0,0.44819214940071106,80.0,212.0,0.4329746663570404
29,606,309,667,388,690,397,782,585,93.0,35.0,0.74583500623703,103.0,28.0,0.7766249179840088,86.0,28.0,0.7937052249908447,114.0,32.0,0.7385969758033752,75.0,31.0,0.7745485901832581,131.0,65.0,0.6492913365364075,63.0,67.0,0.644756555557251,156.0,100.0,0.4437764883041382,35.0,95.0,0.5292322039604187,165.0,125.0,0.33117806911468506,14.0,124.0,0.4703158438205719,124.0,130.0,0.4750947952270508,80.0,133.0,0.4909765422344208,146.0,175.0,0.6557936072349548,63.0,174.0,0.5371021032333374,166.0,229.0,0.5721456408500671,61.0,206.0,0.5693549513816833,91.0,35.0,0.6708293557167053,90.0,28.0,0.5645043849945068,88.0,30.0,0.6625719666481018,48.0,28.0,0.1935536414384842,72.0,34.0,0.4392172694206238,20.0,52.0,0.21571293473243713,55.0,61.0,0.3577701449394226,37.0,87.0,0.11825190484523773,61.0,87.0,0.6071544885635376,159.0,70.0,0.10541558265686035,156.0,71.0,0.4650477170944214,37.0,124.0,0.23594996333122253,99.0,124.0,0.1595076471567154,65.0,177.0,0.40671518445014954,138.0,161.0,0.46807020902633667,44.0,228.0,0.4657441973686218,107.0,215.0,0.46160873770713806
30,610,310,667,389,696,400,782,589,102.0,34.0,0.7332779765129089,111.0,26.0,0.7677204012870789,94.0,24.0,0.7843143939971924,123.0,29.0,0.7125203013420105,83.0,29.0,0.7385966777801514,142.0,62.0,0.5747358798980713,65.0,67.0,0.590114176273346,171.0,104.0,0.40227627754211426,33.0,103.0,0.4800783097743988,174.0,123.0,0.2587054371833801,5.0,135.0,0.39144575595855713,132.0,130.0,0.43039894104003906,84.0,133.0,0.4483884274959564,157.0,175.0,0.5857154726982117,63.0,176.0,0.3845042288303375,170.0,233.0,0.5072633028030396,57.0,201.0,0.39366933703422546,101.0,35.0,0.5604068040847778,98.0,28.0,0.4969281554222107,95.0,32.0,0.5900449156761169,52.0,28.0,0.19478198885917664,80.0,36.0,0.4000161290168762,25.0,52.0,0.28726014494895935,55.0,61.0,0.3250874876976013,44.0,88.0,0.11604169756174088,72.0,88.0,0.591883659362793,105.0,99.0,0.061333801597356796,150.0,64.0,0.5470240712165833,37.0,124.0,0.2716822326183319,110.0,124.0,0.20005133748054504,67.0,172.0,0.4681759774684906,168.0,162.0,0.5429188013076782,37.0,224.0,0.5718643069267273,136.0,212.0,0.6314355134963989
31,616,310,669,390,698,404,799,590,102.0,34.0,0.7040795087814331,113.0,24.0,0.7398248910903931,95.0,24.0,0.7666356563568115,124.0,30.0,0.6956181526184082,83.0,29.0,0.7154908180236816,147.0,65.0,0.5310052037239075,63.0,67.0,0.5643277764320374,176.0,104.0,0.3977779448032379,31.0,105.0,0.4295731484889984,181.0,121.0,0.22530844807624817,2.0,136.0,0.36002102494239807,132.0,130.0,0.36785757541656494,79.0,135.0,0.4066651463508606,157.0,172.0,0.5537877678871155,53.0,178.0,0.245570570230484,166.0,233.0,0.4122823476791382,43.0,200.0,0.24080608785152435,93.0,35.0,0.5947481989860535,94.0,28.0,0.5393508076667786,89.0,31.0,0.6154892444610596,52.0,28.0,0.23234035074710846,79.0,35.0,0.45332515239715576,32.0,48.0,0.3834330141544342,63.0,60.0,0.3387315571308136,48.0,88.0,0.13473574817180634,84.0,90.0,0.6688280701637268,127.0,58.0,0.09746526181697845,129.0,61.0,0.6385032534599304,45.0,128.0,0.31066104769706726,110.0,124.0,0.2916547656059265,55.0,174.0,0.5272636413574219,162.0,169.0,0.6069571375846863,30.0,227.0,0.6332737803459167,139.0,216.0,0.667045533657074
32,618,309,671,390,698,408,816,592,109.0,36.0,0.7048925161361694,119.0,28.0,0.7169508934020996,101.0,26.0,0.758679986000061,132.0,32.0,0.6803791522979736,89.0,31.0,0.7120056748390198,153.0,68.0,0.5486156940460205,67.0,73.0,0.5602775812149048,185.0,104.0,0.37923485040664673,37.0,111.0,0.44906291365623474,182.0,119.0,0.13580986857414246,10.0,144.0,0.47843843698501587,137.0,136.0,0.37171900272369385,83.0,139.0,0.38260746002197266,158.0,175.0,0.5595800876617432,58.0,172.0,0.25182417035102844,158.0,233.0,0.4685022234916687,59.0,199.0,0.4107985198497772,97.0,31.0,0.4566957354545593,94.0,28.0,0.4942142069339752,92.0,27.0,0.5841132998466492,48.0,30.0,0.21314021944999695,87.0,33.0,0.38920313119888306,38.0,44.0,0.44298332929611206,85.0,60.0,0.37357375025749207,53.0,83.0,0.12086283415555954,109.0,93.0,0.7044679522514343,107.0,42.0,0.18797405064105988,118.0,54.0,0.6600725054740906,49.0,124.0,0.3977549076080322,104.0,124.0,0.3767954409122467,49.0,172.0,0.6165433526039124,161.0,173.0,0.6721991300582886,24.0,223.0,0.6912255883216858,144.0,220.0,0.7219880223274231
33,621,309,677,389,697,411,831,601,105.0,36.0,0.7269658446311951,115.0,26.0,0.751162588596344,97.0,26.0,0.780548095703125,127.0,31.0,0.6936445832252502,87.0,31.0,0.7314877510070801,146.0,66.0,0.571475625038147,65.0,71.0,0.5780138373374939,179.0,104.0,0.4165678918361664,39.0,111.0,0.5225105881690979,174.0,124.0,0.17776605486869812,18.0,143.0,0.5091819167137146,130.0,136.0,0.39637303352355957,81.0,139.0,0.40202319622039795,145.0,180.0,0.5576360821723938,53.0,172.0,0.45327821373939514,136.0,234.0,0.5120069980621338,65.0,202.0,0.5885177254676819,97.0,31.0,0.5118492245674133,96.0,24.0,0.4245339334011078,92.0,29.0,0.5959654450416565,56.0,28.0,0.2368655800819397,87.0,33.0,0.5347244739532471,45.0,42.0,0.5266212224960327,95.0,61.0,0.5573683977127075,57.0,75.0,0.14299646019935608,133.0,87.0,0.7346176505088806,92.0,45.0,0.10717937350273132,114.0,52.0,0.7321538329124451,58.0,120.0,0.47444918751716614,108.0,122.0,0.4400748312473297,48.0,164.0,0.6595556139945984,156.0,170.0,0.6937549114227295,20.0,208.0,0.7336704730987549,148.0,220.0,0.7615920305252075
34,622,308,682,390,692,414,846,610,105.0,36.0,0.7323622107505798,113.0,28.0,0.7270920872688293,97.0,26.0,0.7681034207344055,125.0,31.0,0.7068920135498047,87.0,31.0,0.7390406131744385,141.0,63.0,0.640294075012207,69.0,69.0,0.6016058325767517,173.0,95.0,0.4789263606071472,47.0,107.0,0.5489034652709961,186.0,99.0,0.3531102240085602,27.0,141.0,0.5454227924346924,128.0,134.0,0.4378875195980072,84.0,138.0,0.44569137692451477,138.0,180.0,0.5893571376800537,55.0,173.0,0.5755250453948975,126.0,233.0,0.5675203800201416,73.0,204.0,0.6393386721611023,102.0,32.0,0.7185725569725037,100.0,28.0,0.5726313591003418,99.0,31.0,0.7567922472953796,64.0,28.0,0.32096436619758606,92.0,33.0,0.6746109127998352,51.0,42.0,0.6754119396209717,109.0,63.0,0.7140299677848816,69.0,72.0,0.12086411565542221,159.0,77.0,0.7456929683685303,109.0,55.0,0.15030241012573242,120.0,52.0,0.7360060811042786,67.0,116.0,0.559399425983429,112.0,118.0,0.4962797164916992,52.0,152.0,0.7095061540603638,153.0,169.0,0.7180265188217163,20.0,192.0,0.7475472092628479,152.0,220.0,0.7544752359390259
35,626,307,687,389,682,418,864,617,101.0,35.0,0.6989185810089111,107.0,26.0,0.746648371219635,91.0,26.0,0.7241933941841125,118.0,30.0,0.7340121865272522,81.0,31.0,0.7472624778747559,137.0,64.0,0.6627063751220703,63.0,69.0,0.6420949101448059,168.0,92.0,0.5114968419075012,43.0,111.0,0.5774440169334412,178.0,95.0,0.45296192169189453,24.0,143.0,0.5553668737411499,123.0,137.0,0.44965463876724243,79.0,141.0,0.45618242025375366,132.0,182.0,0.6445209383964539,51.0,181.0,0.5736677050590515,115.0,233.0,0.562466025352478,71.0,213.0,0.6463888883590698,108.0,31.0,0.7392920851707458,107.0,26.0,0.6526808142662048,107.0,28.0,0.773568332195282,72.0,28.0,0.38896921277046204,99.0,33.0,0.7418648600578308,61.0,44.0,0.7028440237045288,115.0,55.0,0.5876290798187256,74.0,26.0,0.12604586780071259,173.0,56.0,0.724195659160614,103.0,67.0,0.09348298609256744,136.0,52.0,0.5888705253601074,77.0,116.0,0.6126816868782043,115.0,116.0,0.5465624332427979,63.0,146.0,0.7270576357841492,147.0,169.0,0.7200046181678772,22.0,180.0,0.7420636415481567,155.0,220.0,0.8030703067779541
36,632,306,689,389,684,422,876,623,93.0,37.0,0.7345559000968933,103.0,28.0,0.7465692758560181,84.0,28.0,0.7708006501197815,114.0,32.0,0.7345398664474487,75.0,33.0,0.7684773206710815,133.0,64.0,0.657663881778717,59.0,67.0,0.620979368686676,168.0,88.0,0.34532085061073303,36.0,108.0,0.5537276864051819,172.0,91.0,0.43798011541366577,17.0,143.0,0.5401540994644165,120.0,138.0,0.4438171684741974,73.0,141.0,0.4421156644821167,133.0,180.0,0.6354812979698181,47.0,181.0,0.595056414604187,116.0,226.0,0.5434308052062988,61.0,220.0,0.6038627028465271,111.0,26.0,0.7642053961753845,109.0,25.0,0.6030485033988953,107.0,27.0,0.7416895031929016,74.0,32.0,0.3796440362930298,103.0,32.0,0.6940580606460571,65.0,47.0,0.7388924956321716,119.0,53.0,0.664959728717804,78.0,30.0,0.13251788914203644,147.0,49.0,0.4121721386909485,155.0,44.0,0.11219457536935806,161.0,41.0,0.5503500699996948,79.0,116.0,0.6037032008171082,114.0,116.0,0.5635517835617065,65.0,145.0,0.7388039827346802,142.0,174.0,0.7212981581687927,20.0,168.0,0.7588909268379211,156.0,220.0,0.7735128402709961
37,634,306,692,391,691,427,890,635,93.0,35.0,0.7312365174293518,103.0,26.0,0.7347909808158875,85.0,26.0,0.7744589447975159,114.0,30.0,0.716870903968811,76.0,30.0,0.7454957962036133,133.0,60.0,0.6468266844749451,59.0,65.0,0.6128787994384766,168.0,87.0,0.46721914410591125,35.0,105.0,0.5326360464096069,178.0,83.0,0.2240983545780182,16.0,143.0,0.5170933604240417,123.0,132.0,0.45239052176475525,71.0,133.0,0.4692120850086212,141.0,176.0,0.6801646947860718,47.0,176.0,0.6553706526756287,125.0,225.0,0.5289553999900818,57.0,221.0,0.6026102900505066,111.0,26.0,0.8443652391433716,109.0,25.0,0.5738656520843506,107.0,24.0,0.7575202584266663,76.0,32.0,0.3682403564453125,103.0,32.0,0.6929230690002441,69.0,50.0,0.7493742108345032,118.0,53.0,0.6759458184242249,76.0,32.0,0.13286636769771576,143.0,43.0,0.6021469831466675,163.0,30.0,0.21910473704338074,166.0,26.0,0.5869360566139221,77.0,116.0,0.6100529432296753,108.0,116.0,0.5682506561279297,63.0,142.0,0.7357155680656433,137.0,173.0,0.7558711171150208,20.0,151.0,0.7446714043617249,156.0,220.0,0.796229362487793
